33,32,796,570,85,469,988,235,175,183,653,953,431,777,882,128,427,696,814,883,928,730,711,502,753,191,848,460,934,938,83,545,67,542,639,2,186
814,144,31,24,255,966,277,982,944,13,512,332,399,39,316,101,979,641,439,297,165,956,594,520,197,958,328,421,663,294,463,858,418,430,59,57
576,272,764,918,253,204,729,118,526,249,542,703,441,556,137,700,630,707
351,721,106,51,175,621,614,990,85,977,997,303,770,177,564,166,309,331,837,718,171,834,284,738,926,712,745,94,839,188
134,167,553,68,700,101,407,780,929,45,332,334,797,384,923,285,705,694,441,208,405,470,666,304,796,466,525,807,65,808,633,244,84
605,295,213,306,580,831,586,356,353,589,175,908,893,775,995,529,661,460,271,824,526,132,272,641,159,490,728,89,444,417,676,952,527,372,971
621,287,248,493,199,771,425,729,736,958,928,381,25,346,741,186,154,280,457,860,886,427,789,721,145,856
901,368,2,186,322,33,710,556,216,805,391,304,144,971,519,506,180,643,848,876,64,267,544,220,428,416
24,724,121,909,803,213,275,942,432,534,907,527,579,111,276,457,569,210,64,316,268,124,629,409,196,41,608,784,641,94,722
189,988,510,228,97,268,709,821,840,305,32,224,564,717,280,631,165,531,62,301,588,610,205,183,800,974,288,624,508,213
193,932,959,683,521,463,359,841,421,722,139,197,28,394,111,483,67,472,31,626,741,385,345,386,380
417,509,197,938,438,12,331,75,126,426,32,309,548,383,575,760,830,184,681,163,147,18,613,779,466,636,80,284,259,987,521,682,992,82,321,434,935,159
683,55,346,508,868,726,684,825,614,559,707,523,372,691,775,59,43,544,484,384,754,180,393,799,485,624,739,102,805,258
43,243,412,594,78,99,111,798,696,113,62,511,428,851,403,780,568
477,9,167,646,498,850,544,975,66,922,406,428,574,182,205,319,918,132,657,955,128,530,692,632,763,805,191,204,350
681,623,192,655,264,171,352,367,704,726,250,642,708,942,929,866,729,70
852,443,985,981,696,178,301,703,824,479,70,228,377,633,234,24,499,758,325,945,134,41,304,938,392,990,128,560,909,151
977,602,914,433,647,372,590,728,544,920,623,919,704,971,927,784,574,844,211,468,282,168,439,149,119
825,15,908,942,774,922,870,449,206,138,808,7,481,45,37,919,980,114,879,91,440,69,341,592,34,950,2,847,517,741,425,405,383,683,758,918,898
468,565,606,908,899,888,465,996,853,952,414,767,104,318,29,546,649,499,381,691,982,827,26,740,464,536,785,180,230
