4680,4449,1536,7830,1324,1715,9677,6732,1372,7313,8431,3872,1134,9128,7189,6438,9626,5980,8308,2191,8554,13,5113,1543,7182,9364,1462,3304,2934,6411,307,3730,9464,4047,8904,4273,5567,8253,4231,500,3023,2593,8804,6623,5850,1538,3823,9963,8123,3501,8682,2425,1151,1674,6830,1012,9738,1177,2796,3402,8045,526,2684,9900,7131,375,3467,174,6780,9720,8514,8968,7983,6735,4072,7727,3072,9558,8243,5213,6120,2716,7364,1819,7733,8340
2450
9184,8574,7432,9212,6073,9559,2583,8115,8931,2848,6697,2285,4235,8885,5303,194,2945,7735,9402,1427
308,8544,7427,819,2608,388,2614,1448,3865,2465,8519,6611,8852,8083,3249,7041,8003,7235,3873,5927,5028,9961,7796,5776,9342,7651,5966,714,3682,7214,7672,4240,4411,8679,1890,5420,999,2746,230,174,7850,6114,9976,4850,1262,1585,6993,4728,6649,8117,1129,6233,5346,972
3851,8961,3228,4126,5421,3947,3031,448,7883,5589,2642,3800,1752,1654,2684,1300,6312,3689,5765,589,5648,7565,5026,4231,9416,2399,2423,366,2615,7948,6892,5708,6083,2674,8458,2154,935,9879,6232,4601,9152,7828
2606,849,4377,407,6495,7798,1938,9751
6343,9244,8461,8456,969,325,9238,4312,2681
7112,8216,7484,2693,8170,6422,5760,8948,8807,2518,8092,4000,4374,246,6638,8637,5298,8961,4208
6927,2559,4641,2383,8904,6946,3651,7605,3653,253,3173,7957,157,2443,2096,5796,8458,7135,1447,3283,9819,327,9723,6675,7458,1944,5127,9778,5990,8928,7763,6564,935,88,120,3870,5251,853,2176
7249,1340,3726,6797,4015,7901,2072,7395,1378,1226,5157,143,2894,9134,2641,6174,7383
3810,6155,1634,9200,4494,3550,1089,4697,3301,9664,7729,289,2698,503,8049,784,533,1307,8105,4042,9195,5574,6457,8854,3854,1057,7597,2449,4947,4852,7683,8632,862,9124,8243,5238,5363
6124,4553,1802,4449,6455,6462,2623,2802,6079,4243,366,7459,2191,6378,5122,9654,7133,2632,8306,9879,6070,4459,6533,3154,4559,2375,8234,2553,8552,2087,8455,6198,5337,4174,28,1574,3874,4877,2044,1345,4521,3735,1683,7199,1713,5786,7302,8517,1423,6143,8478
7884,1104,6170,143,3478,9444,3591,6901,5751,4006,153,9042,3405,3406,1951,4788,386,9183,4580,7445,7115,4574,1331,5999,1539,6293,4187,943
133,2744,2192,7400,287,1915,5359,2616,7294,6847,7544,2872,7071,8419,2307,7914,345,6700,5627
4155,1542,8488,9048,9197,4075,6340,7119,6324,1781,536,7247,4172,5233,3306,9925,1035,3312,4779,5975,2003,1129,8738,6286,9306,1969,7675,9499,9427,9696,792,265,9779,9588,8055,5132,7075,1048,367,2311,2701,6490,4026,6444,8274,3465,2745,7524,3715,9720,4605,1989,4297,9150,78,1349,3150,4564,1286,4642,9310,1042,58,3298,6881,6122,6212,3878,2690,3819,3127,1323,9640,1457,2826,1014,5431,7670,9404,2204,1416,2525,4451,2928,3997,1654,6893,7716,5024,2371,6233,8331,3771,8886,8356,5272,9735,4479,4195,3564,6462,2086,9685,8056,199,9511,5102,6221,7967,927,5108,4226,4794,5117
441,5788,8436,142,6509,526,3369,9953,9593,9343,6484,5084,9297
4419,5046,9535,8569,770,6293,6417,6697,6795,210,6929,9728,588,216,9666,6986,7618,8045,2901,5666,1473,7235,7656,7943,7967
1315,5804,4627,8543,1634,4794,6086,765,2577,2565,7950,9637,8814,218,3141,500,2599,191,2693,7975,8485,3379,3487,8757,8132,4497,7191,7934,2594,5124
8045
4633,731,7613,3475,391,1505,9954,5476,2957,6700,2285,5842,8846,31,9264,7786,9048,8382,8811,4984,6587,7475,78,3586,7223,5480,4685,8945,7206,905,2199,8157,9454,2501,9037,8007,6000,4235,8974,3919,5124,5130,8450,6982,4468,9743,8874,6222,3399,9489,1786,4992,4848
1286,9317,4423
5027,5732,216,7657,7417,3116,1402,9984,6091,4638,9728,7627,9229,8041,9802,5120,1522,1177,8503,5782,1595,8034,3501,4308,4453,1174,8463,4786,5752,2339
9334,2416,7959,8266,514,900,7957,3780,881
331,1160,8229,6130,9871,2705,8639,7566,1467,2997,9573,3080,7536,7978,3945,1333,747,1227,7262,2040,2388,9589
2800
4289,7781,5580,3296,8989,7119,1734,7660,1774,4171,1527,6439,8641,281,9856,2860,4728,814,1634,1654,1835,2023,5218,5758,4227,3096,734,6598,9506,6098,1489,8272,9216,3944,1196,7728,7800,7746
9763,6130,46,8598,5170,4748,5620,8197,3582,6724,9880,6062,4989,6718,478,7736,2248,2796,3626,2647,2155,7519,4213,6456,5592,5360,2049,9808,5171,8445,7237,2608,1950,952,6120,9702,4731,6466,3723,752,5294
1167,4376,2576,8343,1326,9782,5212,2951,4877,8802,5910,980,6233,3972,5903,2803,9161,4097,2977,7821,1279,7445,5788,1156,890,5927,3902,1023,1992,449,869,5557,2465,1201
849,8826,448,1507,7519,3376,5117,6808,3665,6497,9666,75,3645,3688,6674,5038,923,9047,2367,4284,5652,8132,4792,9761,9484,4334,1805,1944,3401,5465,2892,3196,8437,9525,1110,26,4797,1605,905,5807,969,9976,2370,5113
391,2565,265,6465,9461,1585,9931,2590,6138,3126,6514,9703,8253,9485,4070,9749,6140,1428,7970,6709,2412,4878,4633
5063,8096,2959,8605,2725,1531,6279,6983,7897,6049,4675,3785,3994
5215,417,4481,1876,103,633,3185,6628,8801,5702,1018,1771,5115,7319,5170,5915,7857,3023,8037,6552,6242,1400,6506,4369,7428,8150,1376,9578,7049,6893,327,9546,9792
7004,6345,5686,7615,4175,8044,210,7422,9152,5300,3584,8248,797,1477,2329,4817,6169,523,5277,3307,946,9889,8683,5174,5761,2139,2991,7967,1506,6716,2425
9513,8034,1066,4410,1261,4574,9222,5196,1331,1701,5040,5449,4412
4319,5885,5241,6324,1794,4556,9030,7138,9272,2654,9097,9331,1229,4983,9818,8784,5315,5320,8232,9058,4552,8747,203,2117,5943,3785,533,7708,4155,216,2203,5347,1093,4213,2171,3330,3519,5401,4657,9795,8769,8277,23,4421,9014,8925,5900,1913,5103,3786,4601,6795,2281,8872,4757,5986,2702,5379,2804
5367,4120,5356,2689,4998,9563,6956,1731,6346,8104,9579,4008,8050,852,4424,7265,7949,8121,9459,7443,882,2075,2762,4223,3004,3273,5654,8451,9034,6157,7675,3807,9006,8233,7672,9514,4728,6359,8418,7153,790,8227,2440,120,918,3884,6590,8520,6802,5876,3854,7052,1903,1537,867,9047,7332,2553,6435,3763,2707,242,745,2808,1234,4877,5154,1810,6638,1241,6225,8161,2728,3923,9771,4713,3964,5927,9746,8763,9054,1314,1085,2564,3253,2389,475,1457,3898,6375,8586,5089,40,6580,8236,3444
1748,1283,4426,3432
3568,4279,1941,539,4759,6079,1951,5599,8126,7322,895,2081,9880,1752,6689,1864,328,3326,730,2643,5805,4041,7082,9401,6165,6883,6458,8081,9132,8371,7970,299,7356,5637,636,3282,8194,8041,2364,9805,1430,1399,4470,2359,5367,1946,7658,9904,450,3155,6097,5732,3116,1258,2595
8181,5193,6560,9274,8062,3524,2920,1142,3027,8319,9573,9534,6363,4195,6506,6490,1090,4162,1245,4117,7056,9886,8371,6088,8167,9880,3466,8923,5487,5629,6785,3747,18,6643,119,1264,5515,311,1186,6143,8459,9792,7860,615,9952,7684,3943,618,1005,1783,1527,8383,7853,8040,9675,7074,86,3108,389,7028,2466
2965,4697,4412,3124,9463,9534,8718,9816,1941,1894,8694,7151,1920,9005
4485,4959,7616,7971,1237,6044,9219,2948,6231,9415,8646,4034,9447
7285,4227,8364,8236,9580,2134,79,6121,9004,8278,5475,4542,1860,8881,7422,1203,7758,6005,6209,7860,7498,8727,5103,1784,4085,6786,6892,9703
8132,3936,8397,2248,4627,9876
729,5617,2189,9782,7438,4590,6730,4213,8759,6786,1612,8547,3475,6462,3822,9609,2567,728,8274,2621,8891,9193,1425,4432,1505
8572,8617,4936,4748,4794,9523,720,2965,3251,1496,5109,2723,4212,7622,822,9110,1188,2489,2496,4608,8436,9858,6432,3787,2581,1248,3824,1598,4683,7296,6178,5189,7573,8987,9829,3050,7160,6973,942,8080,600,7147,731,6751,3242,9351,9506,9998,2350,2542
5936,7307,7943,2557,4479,4021,278,5560,8594,1022,1047,9773,4822,2109,6772,9559,9723,3920,646,9745,1137,8711,5593,4033,9525,4165
9082,1526,9786,8654,4202
6575,2950,4200,3136,767,9439,8084,7571,2804,1852,2569,890,9455,5082,9141,7345,566,9633,4120,4516,7846,869,1369,9344,5638,1654,6794,8174,7404,3495,3606,2278,2526,3546,3274,5933,5141,2967,5543,6699,9778,4236,63,5732,1674,4509,6039,1057,3824,9313,5837,2490,9009,4205,4897,2953,3023,3989,4434,6204,4155,5296,2616,8133,2311,3216,1081,1528,7608,4000,4571,1449,160
1401,6345,1653,3104,2907,6260,3246,3551,9842,938,1300,2725,7519,3588,2059,6362,8425,3325,9882,3280,2548,1990,3968,5676,5052,3867,5019,7033,404,4347,9633,8389,3024,7241,8735,5303,9279,9890,4682,3204,9606,5578,1945,8824,4341
8267,8456,2510,3811,9953,1596,2247,3203,4601,9478,8294,2396,6768,3483,7839,6913,6100,2469,4668,1694,1095,6256,9732,540,1687,3084,3378,8250,9829,1590,3787,5487
4680,4449,1536,7830,1324,1715,9677,6732,1372,7313,8431,3872,1134,9128,7189,6438,9626,5980,8308,2191,8554,13,5113,1543,7182,9364,1462,3304,2934,6411,307,3730,9464,4047,8904,4273,5567,8253,4231,500,3023,2593,8804,6623,5850,1538,3823,9963,8123,3501,8682,2425,1151,1674,6830,1012,9738,1177,2796,3402,8045,526,2684,9900,7131,375,3467,174,6780,9720,8514,8968,7983,6735,4072,7727,3072,9558,8243,5213,6120,2716,7364,1819,7733,8340
2450
9184,8574,7432,9212,6073,9559,2583,8115,8931,2848,6697,2285,4235,8885,5303,194,2945,7735,9402,1427
308,8544,7427,819,2608,388,2614,1448,3865,2465,8519,6611,8852,8083,3249,7041,8003,7235,3873,5927,5028,9961,7796,5776,9342,7651,5966,714,3682,7214,7672,4240,4411,8679,1890,5420,999,2746,230,174,7850,6114,9976,4850,1262,1585,6993,4728,6649,8117,1129,6233,5346,972
3851,8961,3228,4126,5421,3947,3031,448,7883,5589,2642,3800,1752,1654,2684,1300,6312,3689,5765,589,5648,7565,5026,4231,9416,2399,2423,366,2615,7948,6892,5708,6083,2674,8458,2154,935,9879,6232,4601,9152,7828
2606,849,4377,407,6495,7798,1938,9751
6343,9244,8461,8456,969,325,9238,4312,2681
7112,8216,7484,2693,8170,6422,5760,8948,8807,2518,8092,4000,4374,246,6638,8637,5298,8961,4208
6927,2559,4641,2383,8904,6946,3651,7605,3653,253,3173,7957,157,2443,2096,5796,8458,7135,1447,3283,9819,327,9723,6675,7458,1944,5127,9778,5990,8928,7763,6564,935,88,120,3870,5251,853,2176
7249,1340,3726,6797,4015,7901,2072,7395,1378,1226,5157,143,2894,9134,2641,6174,7383
3810,6155,1634,9200,4494,3550,1089,4697,3301,9664,7729,289,2698,503,8049,784,533,1307,8105,4042,9195,5574,6457,8854,3854,1057,7597,2449,4947,4852,7683,8632,862,9124,8243,5238,5363
6124,4553,1802,4449,6455,6462,2623,2802,6079,4243,366,7459,2191,6378,5122,9654,7133,2632,8306,9879,6070,4459,6533,3154,4559,2375,8234,2553,8552,2087,8455,6198,5337,4174,28,1574,3874,4877,2044,1345,4521,3735,1683,7199,1713,5786,7302,8517,1423,6143,8478
7884,1104,6170,143,3478,9444,3591,6901,5751,4006,153,9042,3405,3406,1951,4788,386,9183,4580,7445,7115,4574,1331,5999,1539,6293,4187,943
133,2744,2192,7400,287,1915,5359,2616,7294,6847,7544,2872,7071,8419,2307,7914,345,6700,5627
4155,1542,8488,9048,9197,4075,6340,7119,6324,1781,536,7247,4172,5233,3306,9925,1035,3312,4779,5975,2003,1129,8738,6286,9306,1969,7675,9499,9427,9696,792,265,9779,9588,8055,5132,7075,1048,367,2311,2701,6490,4026,6444,8274,3465,2745,7524,3715,9720,4605,1989,4297,9150,78,1349,3150,4564,1286,4642,9310,1042,58,3298,6881,6122,6212,3878,2690,3819,3127,1323,9640,1457,2826,1014,5431,7670,9404,2204,1416,2525,4451,2928,3997,1654,6893,7716,5024,2371,6233,8331,3771,8886,8356,5272,9735,4479,4195,3564,6462,2086,9685,8056,199,9511,5102,6221,7967,927,5108,4226,4794,5117
441,5788,8436,142,6509,526,3369,9953,9593,9343,6484,5084,9297
4419,5046,9535,8569,770,6293,6417,6697,6795,210,6929,9728,588,216,9666,6986,7618,8045,2901,5666,1473,7235,7656,7943,7967
1315,5804,4627,8543,1634,4794,6086,765,2577,2565,7950,9637,8814,218,3141,500,2599,191,2693,7975,8485,3379,3487,8757,8132,4497,7191,7934,2594,5124
8045
4633,731,7613,3475,391,1505,9954,5476,2957,6700,2285,5842,8846,31,9264,7786,9048,8382,8811,4984,6587,7475,78,3586,7223,5480,4685,8945,7206,905,2199,8157,9454,2501,9037,8007,6000,4235,8974,3919,5124,5130,8450,6982,4468,9743,8874,6222,3399,9489,1786,4992,4848
1286,9317,4423
5027,5732,216,7657,7417,3116,1402,9984,6091,4638,9728,7627,9229,8041,9802,5120,1522,1177,8503,5782,1595,8034,3501,4308,4453,1174,8463,4786,5752,2339
9334,2416,7959,8266,514,900,7957,3780,881
331,1160,8229,6130,9871,2705,8639,7566,1467,2997,9573,3080,7536,7978,3945,1333,747,1227,7262,2040,2388,9589
2800
4289,7781,5580,3296,8989,7119,1734,7660,1774,4171,1527,6439,8641,281,9856,2860,4728,814,1634,1654,1835,2023,5218,5758,4227,3096,734,6598,9506,6098,1489,8272,9216,3944,1196,7728,7800,7746
9763,6130,46,8598,5170,4748,5620,8197,3582,6724,9880,6062,4989,6718,478,7736,2248,2796,3626,2647,2155,7519,4213,6456,5592,5360,2049,9808,5171,8445,7237,2608,1950,952,6120,9702,4731,6466,3723,752,5294
1167,4376,2576,8343,1326,9782,5212,2951,4877,8802,5910,980,6233,3972,5903,2803,9161,4097,2977,7821,1279,7445,5788,1156,890,5927,3902,1023,1992,449,869,5557,2465,1201
849,8826,448,1507,7519,3376,5117,6808,3665,6497,9666,75,3645,3688,6674,5038,923,9047,2367,4284,5652,8132,4792,9761,9484,4334,1805,1944,3401,5465,2892,3196,8437,9525,1110,26,4797,1605,905,5807,969,9976,2370,5113
391,2565,265,6465,9461,1585,9931,2590,6138,3126,6514,9703,8253,9485,4070,9749,6140,1428,7970,6709,2412,4878,4633
5063,8096,2959,8605,2725,1531,6279,6983,7897,6049,4675,3785,3994
5215,417,4481,1876,103,633,3185,6628,8801,5702,1018,1771,5115,7319,5170,5915,7857,3023,8037,6552,6242,1400,6506,4369,7428,8150,1376,9578,7049,6893,327,9546,9792
7004,6345,5686,7615,4175,8044,210,7422,9152,5300,3584,8248,797,1477,2329,4817,6169,523,5277,3307,946,9889,8683,5174,5761,2139,2991,7967,1506,6716,2425
9513,8034,1066,4410,1261,4574,9222,5196,1331,1701,5040,5449,4412
4319,5885,5241,6324,1794,4556,9030,7138,9272,2654,9097,9331,1229,4983,9818,8784,5315,5320,8232,9058,4552,8747,203,2117,5943,3785,533,7708,4155,216,2203,5347,1093,4213,2171,3330,3519,5401,4657,9795,8769,8277,23,4421,9014,8925,5900,1913,5103,3786,4601,6795,2281,8872,4757,5986,2702,5379,2804
5367,4120,5356,2689,4998,9563,6956,1731,6346,8104,9579,4008,8050,852,4424,7265,7949,8121,9459,7443,882,2075,2762,4223,3004,3273,5654,8451,9034,6157,7675,3807,9006,8233,7672,9514,4728,6359,8418,7153,790,8227,2440,120,918,3884,6590,8520,6802,5876,3854,7052,1903,1537,867,9047,7332,2553,6435,3763,2707,242,745,2808,1234,4877,5154,1810,6638,1241,6225,8161,2728,3923,9771,4713,3964,5927,9746,8763,9054,1314,1085,2564,3253,2389,475,1457,3898,6375,8586,5089,40,6580,8236,3444
1748,1283,4426,3432
3568,4279,1941,539,4759,6079,1951,5599,8126,7322,895,2081,9880,1752,6689,1864,328,3326,730,2643,5805,4041,7082,9401,6165,6883,6458,8081,9132,8371,7970,299,7356,5637,636,3282,8194,8041,2364,9805,1430,1399,4470,2359,5367,1946,7658,9904,450,3155,6097,5732,3116,1258,2595
8181,5193,6560,9274,8062,3524,2920,1142,3027,8319,9573,9534,6363,4195,6506,6490,1090,4162,1245,4117,7056,9886,8371,6088,8167,9880,3466,8923,5487,5629,6785,3747,18,6643,119,1264,5515,311,1186,6143,8459,9792,7860,615,9952,7684,3943,618,1005,1783,1527,8383,7853,8040,9675,7074,86,3108,389,7028,2466
2965,4697,4412,3124,9463,9534,8718,9816,1941,1894,8694,7151,1920,9005
4485,4959,7616,7971,1237,6044,9219,2948,6231,9415,8646,4034,9447
7285,4227,8364,8236,9580,2134,79,6121,9004,8278,5475,4542,1860,8881,7422,1203,7758,6005,6209,7860,7498,8727,5103,1784,4085,6786,6892,9703
8132,3936,8397,2248,4627,9876
729,5617,2189,9782,7438,4590,6730,4213,8759,6786,1612,8547,3475,6462,3822,9609,2567,728,8274,2621,8891,9193,1425,4432,1505
8572,8617,4936,4748,4794,9523,720,2965,3251,1496,5109,2723,4212,7622,822,9110,1188,2489,2496,4608,8436,9858,6432,3787,2581,1248,3824,1598,4683,7296,6178,5189,7573,8987,9829,3050,7160,6973,942,8080,600,7147,731,6751,3242,9351,9506,9998,2350,2542
5936,7307,7943,2557,4479,4021,278,5560,8594,1022,1047,9773,4822,2109,6772,9559,9723,3920,646,9745,1137,8711,5593,4033,9525,4165
9082,1526,9786,8654,4202
6575,2950,4200,3136,767,9439,8084,7571,2804,1852,2569,890,9455,5082,9141,7345,566,9633,4120,4516,7846,869,1369,9344,5638,1654,6794,8174,7404,3495,3606,2278,2526,3546,3274,5933,5141,2967,5543,6699,9778,4236,63,5732,1674,4509,6039,1057,3824,9313,5837,2490,9009,4205,4897,2953,3023,3989,4434,6204,4155,5296,2616,8133,2311,3216,1081,1528,7608,4000,4571,1449,160
1401,6345,1653,3104,2907,6260,3246,3551,9842,938,1300,2725,7519,3588,2059,6362,8425,3325,9882,3280,2548,1990,3968,5676,5052,3867,5019,7033,404,4347,9633,8389,3024,7241,8735,5303,9279,9890,4682,3204,9606,5578,1945,8824,4341
8267,8456,2510,3811,9953,1596,2247,3203,4601,9478,8294,2396,6768,3483,7839,6913,6100,2469,4668,1694,1095,6256,9732,540,1687,3084,3378,8250,9829,1590,3787,5487
4680,4449,1536,7830,1324,1715,9677,6732,1372,7313,8431,3872,1134,9128,7189,6438,9626,5980,8308,2191,8554,13,5113,1543,7182,9364,1462,3304,2934,6411,307,3730,9464,4047,8904,4273,5567,8253,4231,500,3023,2593,8804,6623,5850,1538,3823,9963,8123,3501,8682,2425,1151,1674,6830,1012,9738,1177,2796,3402,8045,526,2684,9900,7131,375,3467,174,6780,9720,8514,8968,7983,6735,4072,7727,3072,9558,8243,5213,6120,2716,7364,1819,7733,8340
2450
9184,8574,7432,9212,6073,9559,2583,8115,8931,2848,6697,2285,4235,8885,5303,194,2945,7735,9402,1427
308,8544,7427,819,2608,388,2614,1448,3865,2465,8519,6611,8852,8083,3249,7041,8003,7235,3873,5927,5028,9961,7796,5776,9342,7651,5966,714,3682,7214,7672,4240,4411,8679,1890,5420,999,2746,230,174,7850,6114,9976,4850,1262,1585,6993,4728,6649,8117,1129,6233,5346,972
3851,8961,3228,4126,5421,3947,3031,448,7883,5589,2642,3800,1752,1654,2684,1300,6312,3689,5765,589,5648,7565,5026,4231,9416,2399,2423,366,2615,7948,6892,5708,6083,2674,8458,2154,935,9879,6232,4601,9152,7828
2606,849,4377,407,6495,7798,1938,9751
6343,9244,8461,8456,969,325,9238,4312,2681
7112,8216,7484,2693,8170,6422,5760,8948,8807,2518,8092,4000,4374,246,6638,8637,5298,8961,4208
6927,2559,4641,2383,8904,6946,3651,7605,3653,253,3173,7957,157,2443,2096,5796,8458,7135,1447,3283,9819,327,9723,6675,7458,1944,5127,9778,5990,8928,7763,6564,935,88,120,3870,5251,853,2176
7249,1340,3726,6797,4015,7901,2072,7395,1378,1226,5157,143,2894,9134,2641,6174,7383
3810,6155,1634,9200,4494,3550,1089,4697,3301,9664,7729,289,2698,503,8049,784,533,1307,8105,4042,9195,5574,6457,8854,3854,1057,7597,2449,4947,4852,7683,8632,862,9124,8243,5238,5363
6124,4553,1802,4449,6455,6462,2623,2802,6079,4243,366,7459,2191,6378,5122,9654,7133,2632,8306,9879,6070,4459,6533,3154,4559,2375,8234,2553,8552,2087,8455,6198,5337,4174,28,1574,3874,4877,2044,1345,4521,3735,1683,7199,1713,5786,7302,8517,1423,6143,8478
7884,1104,6170,143,3478,9444,3591,6901,5751,4006,153,9042,3405,3406,1951,4788,386,9183,4580,7445,7115,4574,1331,5999,1539,6293,4187,943
133,2744,2192,7400,287,1915,5359,2616,7294,6847,7544,2872,7071,8419,2307,7914,345,6700,5627
4155,1542,8488,9048,9197,4075,6340,7119,6324,1781,536,7247,4172,5233,3306,9925,1035,3312,4779,5975,2003,1129,8738,6286,9306,1969,7675,9499,9427,9696,792,265,9779,9588,8055,5132,7075,1048,367,2311,2701,6490,4026,6444,8274,3465,2745,7524,3715,9720,4605,1989,4297,9150,78,1349,3150,4564,1286,4642,9310,1042,58,3298,6881,6122,6212,3878,2690,3819,3127,1323,9640,1457,2826,1014,5431,7670,9404,2204,1416,2525,4451,2928,3997,1654,6893,7716,5024,2371,6233,8331,3771,8886,8356,5272,9735,4479,4195,3564,6462,2086,9685,8056,199,9511,5102,6221,7967,927,5108,4226,4794,5117
441,5788,8436,142,6509,526,3369,9953,9593,9343,6484,5084,9297
4419,5046,9535,8569,770,6293,6417,6697,6795,210,6929,9728,588,216,9666,6986,7618,8045,2901,5666,1473,7235,7656,7943,7967
1315,5804,4627,8543,1634,4794,6086,765,2577,2565,7950,9637,8814,218,3141,500,2599,191,2693,7975,8485,3379,3487,8757,8132,4497,7191,7934,2594,5124
8045
4633,731,7613,3475,391,1505,9954,5476,2957,6700,2285,5842,8846,31,9264,7786,9048,8382,8811,4984,6587,7475,78,3586,7223,5480,4685,8945,7206,905,2199,8157,9454,2501,9037,8007,6000,4235,8974,3919,5124,5130,8450,6982,4468,9743,8874,6222,3399,9489,1786,4992,4848
1286,9317,4423
5027,5732,216,7657,7417,3116,1402,9984,6091,4638,9728,7627,9229,8041,9802,5120,1522,1177,8503,5782,1595,8034,3501,4308,4453,1174,8463,4786,5752,2339
9334,2416,7959,8266,514,900,7957,3780,881
331,1160,8229,6130,9871,2705,8639,7566,1467,2997,9573,3080,7536,7978,3945,1333,747,1227,7262,2040,2388,9589
2800
4289,7781,5580,3296,8989,7119,1734,7660,1774,4171,1527,6439,8641,281,9856,2860,4728,814,1634,1654,1835,2023,5218,5758,4227,3096,734,6598,9506,6098,1489,8272,9216,3944,1196,7728,7800,7746
9763,6130,46,8598,5170,4748,5620,8197,3582,6724,9880,6062,4989,6718,478,7736,2248,2796,3626,2647,2155,7519,4213,6456,5592,5360,2049,9808,5171,8445,7237,2608,1950,952,6120,9702,4731,6466,3723,752,5294
1167,4376,2576,8343,1326,9782,5212,2951,4877,8802,5910,980,6233,3972,5903,2803,9161,4097,2977,7821,1279,7445,5788,1156,890,5927,3902,1023,1992,449,869,5557,2465,1201
849,8826,448,1507,7519,3376,5117,6808,3665,6497,9666,75,3645,3688,6674,5038,923,9047,2367,4284,5652,8132,4792,9761,9484,4334,1805,1944,3401,5465,2892,3196,8437,9525,1110,26,4797,1605,905,5807,969,9976,2370,5113
391,2565,265,6465,9461,1585,9931,2590,6138,3126,6514,9703,8253,9485,4070,9749,6140,1428,7970,6709,2412,4878,4633
5063,8096,2959,8605,2725,1531,6279,6983,7897,6049,4675,3785,3994
5215,417,4481,1876,103,633,3185,6628,8801,5702,1018,1771,5115,7319,5170,5915,7857,3023,8037,6552,6242,1400,6506,4369,7428,8150,1376,9578,7049,6893,327,9546,9792
7004,6345,5686,7615,4175,8044,210,7422,9152,5300,3584,8248,797,1477,2329,4817,6169,523,5277,3307,946,9889,8683,5174,5761,2139,2991,7967,1506,6716,2425
9513,8034,1066,4410,1261,4574,9222,5196,1331,1701,5040,5449,4412
4319,5885,5241,6324,1794,4556,9030,7138,9272,2654,9097,9331,1229,4983,9818,8784,5315,5320,8232,9058,4552,8747,203,2117,5943,3785,533,7708,4155,216,2203,5347,1093,4213,2171,3330,3519,5401,4657,9795,8769,8277,23,4421,9014,8925,5900,1913,5103,3786,4601,6795,2281,8872,4757,5986,2702,5379,2804
5367,4120,5356,2689,4998,9563,6956,1731,6346,8104,9579,4008,8050,852,4424,7265,7949,8121,9459,7443,882,2075,2762,4223,3004,3273,5654,8451,9034,6157,7675,3807,9006,8233,7672,9514,4728,6359,8418,7153,790,8227,2440,120,918,3884,6590,8520,6802,5876,3854,7052,1903,1537,867,9047,7332,2553,6435,3763,2707,242,745,2808,1234,4877,5154,1810,6638,1241,6225,8161,2728,3923,9771,4713,3964,5927,9746,8763,9054,1314,1085,2564,3253,2389,475,1457,3898,6375,8586,5089,40,6580,8236,3444
1748,1283,4426,3432
3568,4279,1941,539,4759,6079,1951,5599,8126,7322,895,2081,9880,1752,6689,1864,328,3326,730,2643,5805,4041,7082,9401,6165,6883,6458,8081,9132,8371,7970,299,7356,5637,636,3282,8194,8041,2364,9805,1430,1399,4470,2359,5367,1946,7658,9904,450,3155,6097,5732,3116,1258,2595
8181,5193,6560,9274,8062,3524,2920,1142,3027,8319,9573,9534,6363,4195,6506,6490,1090,4162,1245,4117,7056,9886,8371,6088,8167,9880,3466,8923,5487,5629,6785,3747,18,6643,119,1264,5515,311,1186,6143,8459,9792,7860,615,9952,7684,3943,618,1005,1783,1527,8383,7853,8040,9675,7074,86,3108,389,7028,2466
2965,4697,4412,3124,9463,9534,8718,9816,1941,1894,8694,7151,1920,9005
4485,4959,7616,7971,1237,6044,9219,2948,6231,9415,8646,4034,9447
7285,4227,8364,8236,9580,2134,79,6121,9004,8278,5475,4542,1860,8881,7422,1203,7758,6005,6209,7860,7498,8727,5103,1784,4085,6786,6892,9703
8132,3936,8397,2248,4627,9876
729,5617,2189,9782,7438,4590,6730,4213,8759,6786,1612,8547,3475,6462,3822,9609,2567,728,8274,2621,8891,9193,1425,4432,1505
8572,8617,4936,4748,4794,9523,720,2965,3251,1496,5109,2723,4212,7622,822,9110,1188,2489,2496,4608,8436,9858,6432,3787,2581,1248,3824,1598,4683,7296,6178,5189,7573,8987,9829,3050,7160,6973,942,8080,600,7147,731,6751,3242,9351,9506,9998,2350,2542
5936,7307,7943,2557,4479,4021,278,5560,8594,1022,1047,9773,4822,2109,6772,9559,9723,3920,646,9745,1137,8711,5593,4033,9525,4165
9082,1526,9786,8654,4202
6575,2950,4200,3136,767,9439,8084,7571,2804,1852,2569,890,9455,5082,9141,7345,566,9633,4120,4516,7846,869,1369,9344,5638,1654,6794,8174,7404,3495,3606,2278,2526,3546,3274,5933,5141,2967,5543,6699,9778,4236,63,5732,1674,4509,6039,1057,3824,9313,5837,2490,9009,4205,4897,2953,3023,3989,4434,6204,4155,5296,2616,8133,2311,3216,1081,1528,7608,4000,4571,1449,160
1401,6345,1653,3104,2907,6260,3246,3551,9842,938,1300,2725,7519,3588,2059,6362,8425,3325,9882,3280,2548,1990,3968,5676,5052,3867,5019,7033,404,4347,9633,8389,3024,7241,8735,5303,9279,9890,4682,3204,9606,5578,1945,8824,4341
8267,8456,2510,3811,9953,1596,2247,3203,4601,9478,8294,2396,6768,3483,7839,6913,6100,2469,4668,1694,1095,6256,9732,540,1687,3084,3378,8250,9829,1590,3787,5487
