153,308,335,275,347,305,355,106,555,336,80,100,47
555,235,533,133,599,518,404,496,595,515,420,317,81,84,253,134,525,537,190,273,4,265,79,517,367,186
481,496,406,217,575,116,249,57,105,203,128,168,81,388,587,413,435,254,525,272,209,456,488,559,362,480,344,307,59,190,141,309,345,134,350,305,592,146,172,325,51,500,311,63,358,540,588
226,50,425,59,139,325,336,240,427,533,57,520,172,189,600,192,362,548,363,339,395,107,401,90,31,599,129,531,552,272,220,120,117,592,555,287,575,98,482,471,293,61,4,311,484,344,393,247,52,219,481,60,16,403,212,558,549,388,17,550,332,372,35,169,209,37,56,476,281,106,280,208,525,572,429,171,190,76,312,144,19,496,518,593
119,117,19,190,283,241,50,443,398,92,208,325,149,282,98,305,537,517,533,217,429,94,350,35,150,168,267,253,80,287,169,348,171,514,230,595,342,138,56,159,311,175,54,78,239,304,572,585,341,503,90,57,53,395,334,144,518,406,515,36,4
108,362,446,272,225,587,600,471,335,340,76,248,118,355,569,61,53,406,388,36,599,81,56
60,599,463,246,593,537,431,363,388,325,190,481,313,94,560,395,352,105,128,577,171,24
174,20,478,468,59,548,57,489,572,272,256,47,253,537,2,533,125,334,555,84,345,230,271,424,247,42,54,118,171,551,311,400,235,267,453,467,520,189,248,249,268,128,410,477,421
558,401,362,595,358
208,515,53,230,298,555,537,42,134,420,518,290,19,528,388
189,588,56,137,400,92,520,525,140,175,127,23,190,405,533,499
481,98,427,440,334,377,79,317,186,350,569,339,83
61,324,421,470,235,219,125,56,283,105,175,57,226,239,214,513,427,537,344,400,484,487,340,477,62,249,96,183,563
75,480,47,273,362,331,483,575,379,256,48,555,336,59,520,427,595,364,301,118,171,533,94,60,54,272,404,15,395,185,247,470,298,323,467,111,187,98,359,588,502
168,208,599,259,283,47,305,473,525,17,345,464,53,48,62,406,585,480,404,595,456,367,265,86,144,177,388,427,294,395,269,211,60,77,230,281,501,4,344,537
456
129,334,406,144,287,593,479,470,537,86,443,92,226
92,98,550,298,208,271,223,259,190,305,443,516,294,429,364,470,203,531,382,20,185,82,341,168,240,89,311,525,404,43,301,572,528,533,51,537,275,160,65,17,128
228,128,341,325,492,119,404,413,417,533,557,281,537,599,315,76,367,527,401,91,80,576,426,17,219
464,527,555,220,525,60,404,575,1,466,11,291,420,19,283,427,171,345,175,342,16,239,334,533,96,150
358,314,153,559,137,335
287,84,85,243,336,301,230,17,314,392,334,413,421,341
80,466,53,592,4,525,208,317,272,19,59,305,499,146,555,213,226,562,260,372,478,334,60,249,94,362,259,287,153,169,265,45,246,267,104,92,526,520,516,47,56,599,588,425,57,280,34,282,217,486,129,24,463,295,575,307,476,242,277,533,325,23,311,403,336,293,137,393,84,405,100,427
192,209,76,160,477,20,335,303,92,137,537,334,324,169,280,548,49
481,129,265,133,249,262,230,172,548,362,334,54,342,381,555,291,75,575,258,60,537,311,168
281,298,349,453,406,517,128,150,192
395,189
358,593,123,395,549,106,23,456,562,404,225,414,533,147,513,90,291,260,406,325,595,522,249,34,226,57,19,473,427,16,526,81,312,426,190
230,406,291,481,520,129,190,47,92
410,406,334,517,372,97,463,49,16,249,518,400,344,47,315,98,260,545,81,367,4,19,223,294,362,352,326,217,134,578,172,476,347,427,62,92,358
483,415,290,312,336,105,304,153,49,532,381,367,395,563,315,405,129,128,423,559,4,323,485,555,413,220,75,80,548,317,77,575,169,518,599,24,484,540,60
522,282,76,186,466,108,344,59,51,60,470,423,190,404,168,436,445,81,408,342,217
226
4,276,362,460,217,280,575,220,417,507,160,419,335,61,141,51,291,156,50,592,391,272,115
511
81,413,588,518,175
558,555,190,287,256,593,362,53,531,59,344,61,16,487,203,423,98,350,345,49,427,240,592,410,319,80,376,517,235,317,445,193,247,533,544,137,515,443,471,377,92,388,56,325,400,466,127,420,277,484,285,230,599,119,271,37
363,305,413,51,60,211,515,317,336,325
273,153,513,349
11,105,377,84,345,281,280,464,315,239,90,599,405,89,30,256,588,50,246,410,468,557,480,344,471,525,312,92,226,387,511,259,347,351,515,269,78,538,227,241,309,425,352,369,313,190,43,127,298,144,489,400,20,139,484,36,17,33,169,54,398,275,230,533,555,551,217,306,23,559,51,572,575,179,395,175,290,260,273,577,76,360
217,98,256,404,190,420,344,58,19,537,533,516,367,106,515,129,75,575,59,29,410,169,388,230,259,406,160,249,325,392,282,92,599,471,89,588,126,311,389,592,412,362,174,76,429,336,43,298,218,213,518,600,57,168,105,480,267,341,80,241,3,350,334,317,54,531,197,209,555,47,271,291,283,363,464,335,192,520,395,24,51,470,60,4,349,306,172,342,304,186,56,211,195,551,421,598,525,118,496,62,417,312,52,139,535,499,82,369,175,50,371,453,128,401,150,358,511,1,376,276
19,388,464,106,518,382,280,599,192,395,98,469,533,537,312,575,272,480,259,190,446,572,429,484,427,335,89,401,254,552,319,129,203,217,367,496,175,313,531,93,257,317,177,336,525,592,200,92,241,169,75,404,428,457,223,94,50,240,326,289,183,291,86,591,53,410,314,445,84,56,371,406,78,1,4,41,150,256,397,299,511,571,585,275,398,208,595,207,15,139,476,532,16,282,185,420,2,107,305,130,109,283,249,226,324,5
326,17,367,190,285,494,584,309,54,350,275,258,372,105,254,325,404,317,427,406,139,16,398,340,471
36,593,406,249,377,445,260,369,599,231,15,498,262,54,256,340,537,105,291,160
385,548,517,67,408
209,129,350,572,575,203,533,301,259,43,106,481,427,271,273,127,24,76,19,496,75,344,593,192,401,325,381,291,463,592,555,453,249,60,193,240,471,388,559,540,78,600,362,377,583,357,104,413,443,448,599,62,98,389,79,280,518,485,2
311,62,60,575,309,298,388,401,324,160,190,358,325,593,210,599,349,2,249,522,559,138,408,448,139,101,500,377,23,518,258,287,464,335,456,395,468,600,294,109,280,555,295,344,47,336,536,471,412,537
35,56,387,345,435,537,293,89,531,203,177,51,100,334,115,169,259,50,562,226,533,84,484
549
59,56,52,246,226,470,336,395,176,340,203,247,47,72,471,417,540,404,443,260
153,308,335,275,347,305,355,106,555,336,80,100,47
555,235,533,133,599,518,404,496,595,515,420,317,81,84,253,134,525,537,190,273,4,265,79,517,367,186
481,496,406,217,575,116,249,57,105,203,128,168,81,388,587,413,435,254,525,272,209,456,488,559,362,480,344,307,59,190,141,309,345,134,350,305,592,146,172,325,51,500,311,63,358,540,588
226,50,425,59,139,325,336,240,427,533,57,520,172,189,600,192,362,548,363,339,395,107,401,90,31,599,129,531,552,272,220,120,117,592,555,287,575,98,482,471,293,61,4,311,484,344,393,247,52,219,481,60,16,403,212,558,549,388,17,550,332,372,35,169,209,37,56,476,281,106,280,208,525,572,429,171,190,76,312,144,19,496,518,593
119,117,19,190,283,241,50,443,398,92,208,325,149,282,98,305,537,517,533,217,429,94,350,35,150,168,267,253,80,287,169,348,171,514,230,595,342,138,56,159,311,175,54,78,239,304,572,585,341,503,90,57,53,395,334,144,518,406,515,36,4
108,362,446,272,225,587,600,471,335,340,76,248,118,355,569,61,53,406,388,36,599,81,56
60,599,463,246,593,537,431,363,388,325,190,481,313,94,560,395,352,105,128,577,171,24
174,20,478,468,59,548,57,489,572,272,256,47,253,537,2,533,125,334,555,84,345,230,271,424,247,42,54,118,171,551,311,400,235,267,453,467,520,189,248,249,268,128,410,477,421
558,401,362,595,358
208,515,53,230,298,555,537,42,134,420,518,290,19,528,388
189,588,56,137,400,92,520,525,140,175,127,23,190,405,533,499
481,98,427,440,334,377,79,317,186,350,569,339,83
61,324,421,470,235,219,125,56,283,105,175,57,226,239,214,513,427,537,344,400,484,487,340,477,62,249,96,183,563
75,480,47,273,362,331,483,575,379,256,48,555,336,59,520,427,595,364,301,118,171,533,94,60,54,272,404,15,395,185,247,470,298,323,467,111,187,98,359,588,502
168,208,599,259,283,47,305,473,525,17,345,464,53,48,62,406,585,480,404,595,456,367,265,86,144,177,388,427,294,395,269,211,60,77,230,281,501,4,344,537
456
129,334,406,144,287,593,479,470,537,86,443,92,226
92,98,550,298,208,271,223,259,190,305,443,516,294,429,364,470,203,531,382,20,185,82,341,168,240,89,311,525,404,43,301,572,528,533,51,537,275,160,65,17,128
228,128,341,325,492,119,404,413,417,533,557,281,537,599,315,76,367,527,401,91,80,576,426,17,219
464,527,555,220,525,60,404,575,1,466,11,291,420,19,283,427,171,345,175,342,16,239,334,533,96,150
358,314,153,559,137,335
287,84,85,243,336,301,230,17,314,392,334,413,421,341
80,466,53,592,4,525,208,317,272,19,59,305,499,146,555,213,226,562,260,372,478,334,60,249,94,362,259,287,153,169,265,45,246,267,104,92,526,520,516,47,56,599,588,425,57,280,34,282,217,486,129,24,463,295,575,307,476,242,277,533,325,23,311,403,336,293,137,393,84,405,100,427
192,209,76,160,477,20,335,303,92,137,537,334,324,169,280,548,49
481,129,265,133,249,262,230,172,548,362,334,54,342,381,555,291,75,575,258,60,537,311,168
281,298,349,453,406,517,128,150,192
395,189
358,593,123,395,549,106,23,456,562,404,225,414,533,147,513,90,291,260,406,325,595,522,249,34,226,57,19,473,427,16,526,81,312,426,190
230,406,291,481,520,129,190,47,92
410,406,334,517,372,97,463,49,16,249,518,400,344,47,315,98,260,545,81,367,4,19,223,294,362,352,326,217,134,578,172,476,347,427,62,92,358
483,415,290,312,336,105,304,153,49,532,381,367,395,563,315,405,129,128,423,559,4,323,485,555,413,220,75,80,548,317,77,575,169,518,599,24,484,540,60
522,282,76,186,466,108,344,59,51,60,470,423,190,404,168,436,445,81,408,342,217
226
4,276,362,460,217,280,575,220,417,507,160,419,335,61,141,51,291,156,50,592,391,272,115
511
81,413,588,518,175
558,555,190,287,256,593,362,53,531,59,344,61,16,487,203,423,98,350,345,49,427,240,592,410,319,80,376,517,235,317,445,193,247,533,544,137,515,443,471,377,92,388,56,325,400,466,127,420,277,484,285,230,599,119,271,37
363,305,413,51,60,211,515,317,336,325
273,153,513,349
11,105,377,84,345,281,280,464,315,239,90,599,405,89,30,256,588,50,246,410,468,557,480,344,471,525,312,92,226,387,511,259,347,351,515,269,78,538,227,241,309,425,352,369,313,190,43,127,298,144,489,400,20,139,484,36,17,33,169,54,398,275,230,533,555,551,217,306,23,559,51,572,575,179,395,175,290,260,273,577,76,360
217,98,256,404,190,420,344,58,19,537,533,516,367,106,515,129,75,575,59,29,410,169,388,230,259,406,160,249,325,392,282,92,599,471,89,588,126,311,389,592,412,362,174,76,429,336,43,298,218,213,518,600,57,168,105,480,267,341,80,241,3,350,334,317,54,531,197,209,555,47,271,291,283,363,464,335,192,520,395,24,51,470,60,4,349,306,172,342,304,186,56,211,195,551,421,598,525,118,496,62,417,312,52,139,535,499,82,369,175,50,371,453,128,401,150,358,511,1,376,276
19,388,464,106,518,382,280,599,192,395,98,469,533,537,312,575,272,480,259,190,446,572,429,484,427,335,89,401,254,552,319,129,203,217,367,496,175,313,531,93,257,317,177,336,525,592,200,92,241,169,75,404,428,457,223,94,50,240,326,289,183,291,86,591,53,410,314,445,84,56,371,406,78,1,4,41,150,256,397,299,511,571,585,275,398,208,595,207,15,139,476,532,16,282,185,420,2,107,305,130,109,283,249,226,324,5
326,17,367,190,285,494,584,309,54,350,275,258,372,105,254,325,404,317,427,406,139,16,398,340,471
36,593,406,249,377,445,260,369,599,231,15,498,262,54,256,340,537,105,291,160
385,548,517,67,408
209,129,350,572,575,203,533,301,259,43,106,481,427,271,273,127,24,76,19,496,75,344,593,192,401,325,381,291,463,592,555,453,249,60,193,240,471,388,559,540,78,600,362,377,583,357,104,413,443,448,599,62,98,389,79,280,518,485,2
311,62,60,575,309,298,388,401,324,160,190,358,325,593,210,599,349,2,249,522,559,138,408,448,139,101,500,377,23,518,258,287,464,335,456,395,468,600,294,109,280,555,295,344,47,336,536,471,412,537
35,56,387,345,435,537,293,89,531,203,177,51,100,334,115,169,259,50,562,226,533,84,484
549
59,56,52,246,226,470,336,395,176,340,203,247,47,72,471,417,540,404,443,260
