151,1574,160,4537,2328,4261,3112,2233,1512,2794,1029,2974,1395,4466,3673
1169,4931,3049,4929,137,4480,3842,2050,1028,3321,3255,3874,1347,24,1602,2195
1835,4604,1241,4509,2781,3262,2946,2137,4112,3698,3030,2024,3445,1131,3699,3770,3880,2976,4717,4481,1630,4847,4247,3572,1328,443,1695,2108,1347,3188,4825,1345,79,3259,2617,1863,3307,85,983
3685,2388,2766,1834,137,3988,1634,3542,352,4093,4568,4099,3149,141,1120,1695,4186,3061,1807,3081,1553,92,3004,3831,2042,2297,119,964
2919,1752,3151,121,1856,4080,3018,1899,795,4505,847,4427,2395,2764,233,4129,2024
3340,3655,3883,132,1895,461,2728,568,3141,2686,1336,2416,4866,2075,799,4868,1705,3773,3949
6,4416,930,4320,3549,3931,2769,927,3858,4300,1692,3346,3967,1345
2050,2576,454,244,4280,3884,3580,3819,3162,2716,320
2231,2361,3996,3291,2268,4569,2564,885,814,1674,4568,1150,3080,2734,493,2879,3440,2266
3158,918,38,1866,3590,633,2105,2992,1083,571,1807,3003,3327,4633,4971,2482,1744,1572,1576,2984
2692,70,4602,4339,2395,4508,3186,16,3880,4257,4733,4915,4264,1674,2953,3701,930,1203,4033,1012,4847,4853,4680,441,4709,1067,145,4902,4614,527,2431,1359,1134,3005,1510,1635,3530,1204,3380,4555,3483,1580,4700,947,975,980,4311,3571,75,1672,3745,4349,2729,4791
1414,1031,1728,4940,2388,2958,4099,1288,1482,784,2726,2393,51,1317,62,2698
129,616,1360,3515,210,3626,1313,1611,395
4049,4330,1728,2024,1666,4759,1453,160,1708,4190,2466,485,1418,2355,4894,430,2055,4555,3125,4066,2744,2508,1627,4767,4680,242,572,3922,4594,2075,4102,829,3123,1668,1317,3859,1764,4925,2990,198,1967,3923,135,4877,3659,1499,1906,1349,4548,473,2329,392,853,214,4903,3948,799,4268,1814,1535,4354,4402,2379,3664,2922,1606,1878,545,1610,2201,1758,3661,2146,3339,1265,4919,4720,4804
1485,3061,4516,122,3498,4528,4542,3953,4500,1602,4711,4419,2923,940,4621,4425,877,1732,3304,783,4115,410,4989
626,184,4980,3939,4414,107,3251,3624,3706,1731,3385,395,4241,3587,199,4695,2978,936,3050,2315,789,2081,3514
1221,4052,2303,759,4943,2196,2113,4807,2670,2962,3411,4363,3572,245,4848,650,1937,2596,536,3399,2390,3528,3661,1159,919,4498,809,357,4974,1652,2768,1807,2001,2933,4110,4463,4796,3852,3885
2315,2413,46,4605,803,4859,4676,2978,985,1409,1952,3426,703,4784,2928,1846,1307,1298
1230,2668,4815,559,345,1117,2373,649,3451,3528,2070,4081,1196,1271,2485,2505,2713,1673,3414,925,1239,3463,153,321,4566,626,1113,1882,674,4955
1635,2809,3780,326,6,4835,2004,2261,4628,1712,1396,4071,1074,4160,2568,1837,1891
2567,2934,1436,4645,415,2388,4484,120,555,3570,3878,4169,3704,3489,34,789
1473,1743,4451,2990,2518,1328,3465,4955,1494,793
1311,4697,3878,1118,768,1982,2699,674,4808,1775,1898,4519,444
1208,3812,4677,474,2464,2150,4632,1690,3535,4605,4439,3619,595
488,4624,3686,1602,53,3388,831,240,1242,1944,3468,2442,624,864
3626,63,438,4508,199,4625,1618,1583,2332,4176,1260,2661
2760,3780,1915,3076,4204,1678,2680,949,987,4576,3121,1396,3333,1982,945,3743,4099,2386,4786,2917,4792,3734,3519,4942,2699,366,1021,430,4974,1481
2878,3408,3336,2081,1430,1548,293,671,4922,119,4083,1209,3273,1408,2338
2979,3061,1552,2510,947,4303,365,965,2388,4037,2108,68,2814,1873,2087,2566,904,3049,4034,2326,2149,4479
2856,4616,2484,1698,2164,1707,523,3348,1284,2004,1186,608,1772,4341,4898,4461,348,1049,3117,988,3447,1984,2873,771,1781,4083
4609,4088,1300,1069,3199,2037,3301,2992,2775
401,1170,3890,1022,1182,3405,2816,4785,1290,2128,2985,1678,938,4532,3998,293,3580,4034,718,733,1926,1656,2465,1366,189,2432,1080,738,2318,3650,2768,2043,982,496,4851
1808,1301,4886,2771,4459,3912,872,547,4875,3694,235,3317,1313,4376,3585
3477,2999,2672,1766,3612,1861,1318,3124,2429,1326,2387,394,2963,3186,359,228,2259,3092,918,343,254,4998,725,591
3819,1143,1544,3634,4196,3849,1423,3744,1975
4428,2625,3908,671,3812,2024,2455,1800,469,2306,3458,3536,3729,2243,4595,2535,4098,4624
250,917,4692,4498,4940,151,1803,4475,2950,2916,3020,3590,3127,3391,1847,2797,824,4806,112,31,4808,3521,2261
4424,1341,1012,2035,3158,4639,349,549,3445,3277,1602,4996,2649,1159,924,1774,3953,3385,1283
1449,3361,572,1249,238,1387,2563,4248,3269,95,1602,890,3903,743
2512,3542,448,1525
2686,32,4293,1930,1231,4400,4997,2070,2679,2510,3420,1609,2174
1098,2377,2912,4257,3920,2861,4464,4939,3200,2494,2863,2889,1217,1632,1300,552,3147
3522,3967,2146,1635,345,1862,2354,199,1798,4536,3125,4043,201,4783,1109,1788,4451,3787,2213,1814
3249,1524,2329,3014,1909,1724,3049,795,4636,2868,3762,305,1556,2303,557,1391,1228,4889,4846
3518,1635,3999,4278,3126,601,2016,4781,287,1689,3316,1428,342,2338,1627,721,3115,3236,1588,2441,549,52,1028
231,3037,1666,1262,447,3327,4556,1164,77,2696,4977,2883,1580,3842,3285,2540,1375,2712,4883,4157,1020,321,2498,4862,4966,2384,2595,2779,184,971,4209,2453,2161,4371,1908,1399,4283,862,1356,2539,4136
996,532,1299,74,1402,408,3703,838,3835
3859,4007,3216,1014,1071,325,2735,384,3245,349,600,138,189,3680,645,1094,372,4409,2847,1494,1439,2793,3370,3853,1347,4411,3773,3620,21,1636,2419,2175,4519,1280,2307,2487,1819
959,2082,4106,1092,3920,4586,2534,4314,3539,349,3877,4776,3527,4363,3504,4830,2329,2786,361
3467,4807,171,1819,3482,2815,3819,444,677,4439,76,3040,643,1796,3935
