1013,3444,73,826,974
124,1403,18,212,5484,6484,6958,7282,953
1059,1252,1288,1296,1440,1994,2091,2195,2469,2499,2672,2697,2736,346,37,398,4,415,4605,461,5062,6168,638,655,734,747,7550,8255,8605,888,9554
3568,4623,7788,790,9520
1320,1376,2746,3608,3686,4307,7356
1915,2479,3744,4008
110,1239,152,1565,1756,1888,193,2119,2235,3442,3449,3879,394,3977,4459,455,4588,467,5212,5788,6483,771,791,8600,9841
1267,1288,1303,1401,1462,1616,1628,1733,1782,2411,2728,2762,4032,4614,4783,5214,5485,629,6529,8138,893,9092,9226,941,966
154,2107,2407,31,950
1015,1030,107,1098,1163,1192,1236,1277,128,1376,1487,1534,1546,1809,1956,2033,2150,2183,2203,2416,2444,2446,260,2959,3041,324,378,3850,3960,4186,4417,4538,4636,4762,515,5211,5286,5680,6023,607,632,649,650,6805,6982,7374,756,767,8005,835,867,9063,9298,959,9604,966,97,9811
1052,140,141,1663,169,1981,2115,2490,292,2981,3226,3536,405,454,5671,6379,9710,999
1008,1791,263,2715,3363
1093,1156,1209,1265,128,1300,1349,1564,1587,1749,2027,2116,2198,2202,2354,2576,2861,4764,654,67,7078,724,7336,819,829,84,850,8839,890,957,969,97,9977
1046,1062,189,2280,3339,4625,627,7873,8447
1033,1038,1137,1175,1254,1330,1407,1570,1876,191,1937,1956,200,2020,2099,2172,232,2572,2635,266,2806,2829,2901,2931,2973,306,325,3318,3509,3511,3760,385,450,510,5712,576,672,686,743,751,7828,817,8340,86,872,986,993
1029,1143,1168,1190,1222,1231,1254,1278,1297,1348,157,16,1678,1918,2216,233,234,2492,2623,2699,273,291,2947,2951,3718,3845,3898,3924,422,446,5043,569,584,616,631,679,6887,6951,6986,7307,770,848,8741,882,9186,919,940,951,9999
149,1557,156,2020,4806
1042,1047,1104,1174,144,1470,1506,16,1793,1818,182,2084,2165,2388,2740,2792,2859,2967,3134,324,334,3834,4654,509,5617,585,6172,638,6495,681,7577,7583,852,9455
1071,1109,1248,1271,1290,1551,162,1632,1803,1944,1984,2015,2135,220,2230,2308,252,255,2679,2712,2872,2983,3155,3648,377,3919,4464,4673,4681,5,544,557,6460,6938,7116,7323,769,779,9089,917,930,931,959,966,992
1357,1426,1456,1675,1979,199,2174,2320,3339,3695,400,4753,554,585,6384,6608,680,696,913,966,9835,9908
105,2270,3221,3231,3292,3529,404
1118,1859,1869,21,2543,259,2846,3388,3705,445,4601,50,7385,859,989
338,781,995
1033,1059,1178,1543,183,201,243,2522,2616,370,3875,423,4431,4631,47,5697,627,7930,8042,8254,835,836,856,8769,953,958,999
1088,1099,1150,1151,1365,1413,1561,1591,1678,177,22,2265,2447,250,2503,2605,279,2900,3083,3093,3241,327,3681,4695,4809,6412,6882,7406,835,8866,900,9023,9758,9952
1105,1170,1205,1254,1257,1352,1489,151,1527,1555,1616,1662,1689,2011,2081,2248,2376,2420,274,2860,3137,3313,334,3639,3729,381,3817,398,4295,480,485,553,562,5966,6409,6456,686,6863,6873,6923,6978,7281,7509,7648,784,8186,9183,991
178,1798,190,2022,3477,8606
3554,4706,520,566,6789,824
1052,1257,1638,203,2131,2251,2390,2594,353,398,4071,6,723,8237
1261,1306,1432,1485,1640,1734,1801,2212,2462,288,2884,294,3011,3293,3778,4104,43,4420,47,4718,566,605,6497,690,7181,753,7785,7905,885,914,9241,978,980,999
1059,117,1209,1288,169,242,2880,444,541,5832,6529,680,7726,8732
1791,592,6931
1078,1143,1159,132,1364,1472,1643,17,1864,213,2466,277,2802,3234,357,3760,409,545,5974,6487,830
1525,174,1989,3691,374,4090,4426,7802
1026,1074,1172,1360,1369,137,1402,1471,1474,1501,1562,204,2175,2183,2192,2246,2416,2563,2720,2722,2977,3007,305,312,3169,3319,3354,3427,358,3999,436,456,457,510,5411,5734,577,5863,5996,669,687,692,797,8299,88,990,9903
1081,1238,1415,1498,1554,1950,2125,366,415
1069,113,1219,1233,128,1294,139,1521,1942,2266,337,340,353,371,3811,413,46,4979,5619,568,704,7447,761,911
1091,1261,1289,1663,1697,1961,2184,2195,2204,2298,2630,289,296,3182,4770,493,5147,5784,5907,5982,631,636,711,740,758,815,840,864,9329
1037,1093,1166,1323,1410,1615,1799,2086,254,259,264,300,305,3187,320,354,3828,733,740,7706,7744,7993,86,9441,9657,9735,9913
1068,1171,1522,1595,1604,1811,183,2025,2058,2105,2340,2564,2647,3787,4264,4904,591,598,7380,743,849,931
164,4787,4893
1055,1374,1886,19,2141,2159,2207,25,2580,26,2691,2982,324,3307,3573,3724,6140,6567,659,6977,796,804,807,8487,9919
1199,1243,1316,1354,1517,1533,1603,1895,1941,197,2001,2107,2278,2361,239,263,2931,317,3427,349,3551,377,38,4018,411,4967,506,5118,5123,5151,530,5350,556,5564,572,591,690,726,7590,762,801,848,911
1174,1258,1748,2989,324,4307,593,6149,6186,685,7747
1061,1214,143,1604,1698,1752,2146,2399,4823,6441,654,718,913,93,958
1170,1260,1329,1357,154,2060,2320,25,254,2762,3072,3305,3593,4074,4346,655,6583,821,864,866,8766,8918,973
1028,1032,1126,1328,1572,1587,165,1785,1801,2005,2330,2360,237,2611,2878,3319,3347,345,3536,392,4256,4862,526,5408,5828,620,643,693,718,7523,76,7636,856,974
1001,113,1168,1310,1567,1769,1940,198,2269,2319,343,349,3584,3614,3642,369,3900,457,492,503,5091,563,578,5793,595,6467,689,705,782,8238,907,9743,992
1015,1035,1337,1636,191,2006,204,234,2368,264,2719,302,3257,34,3659,375,3804,5534,561,619,671,7240,8292,834,84,8822,984
1081,109,2107,361,6011
