4641,5227,263,4758,2929,359,2427,9064,4634,6074,4610,9105,7765,3884,7690,5129,1172,9892,3518,1276,5820,6866,89,6381,5965,8951,7649,2138,8526,623,8319,6686,7145,5465,9321,3787,3614,1147,8772,5736,4598,1052,9078,2458,2925,8469,1976,4322,5373,151,3725,4359,7436,9812,7421,6523,9256,1601,4996,4843,3387,3136,9680,4761,852,7355,2096,5231,3902,1516,5441,8944,1350,675,7631,5604,1595,9519,5228,2036,2213,9628,6366,2158
5940,1839,6851,6611,4529,9528,1482,7417,9758,8733,2261,1516,639,7836,726,7366
8948,5758,6661,4843,9414,1803,1369,4287,8872,5712,7145
8622,5344,7825,1403,6926,7479,2450,8048,6491,9485,8463,5494,601,8978,2988,4000,8012,5379,9509,2105,9544,7982,8304,8282,1744,1761,1280,9704,7204,8989,221,6019,5238,8069,2713,2779
5886,2379,4543,4957,7593,6763,9132,695,7420,6560,8012,1188,8500,9894,99,6943
6369,300,3354,6507,4302,3423,2179,1663,5699,8538,3083,1590,1073,6142,7347,4311,184,7580,6714,8805,8724,8921,1138,4779,273,194,1821,5473,1260,7687,8655,6983,7948,9679,5698,134,4614,2658,7474,8954,768,787,9540,8672,9477,3814,2034,6325,3307,9385,2153,1016,9198,6031,9387,6373,7006,5487,4876,4245,7522,4380,2981,5855,6103,9038,377
8368,7449,5442,5807,5294,1369,793,6550,723,221,2618,2520,4883,6781,2976,3763,1781,2555,2878,2212,1386,724,9763,4382,8317,6410,7824,5437,3824,6766,7784,4746,318
4458,5835,9385,8141,1147,4941,939,9281,6823,8107,5505,2720,7929,3161,2027,7654,4892,641,9540,606,7603,5517,5652,9577,9383,7938,8709,7353
5677,9281,2216,9120,9041,9261,6307,7062
3548,1449,7923,8334,1301,5377,9225,4947,4098,3752,431,7856,5825,4411,7749,4685,5233,596,9003,1585,54,8085,9027,6092,3630,3828,8329,7920,7481
7628,1077,6923,9974,4405,7932,4071,3123,8723,5345,2727,3089,4362,6868
1249,2987,6030,2404,8035,1803,6438,66,3692,2236
5255,3473,8895,3824,7029,3996,1125,5438,5344,9238,5052,9312,2458,584,1239,2581,8370,3573,4866,7194,2840,7184,6595,7562,7888,6738,3865,1571,3572,6560,3319,9689,7640,8057,4325,66,836,6947,7045,4683,7770,7572,7929,6922,6391,8262,7358,3810,3068,8446,6835,8215,9582,778,2473,9358,318,2713,8490,41,4085,4336,5442,6227,5529,8707,4716,5603,5336,651,8992,3349,7148,8970,9281,993,2450,1090,77,3818,3063,8557,3964,4655,7083,4790,5062,3914,5517,5487,6293,3479,4456,7974,3394,1013,8409,5107,8805,7160,9774,9758,2950,4850,7108,2212,9536,7353,176,2537,6284,95,6910,7312,3124,8702,7466,2525,8991,3009,7626,4916,134,6570,5353,673,1563,4357,9206,9635,464,2285,3857,1590,5161,6057,239,926,8955,2210,8822,5775,1993,7355,5971,7140,7015,9937,7467,166,3041,6559,4867,200,5960,300,1638,9373,805,4518,6169,4989,2724,5309,955,8892,2925,1012,7052,4302,346,5940,5630,5423,6809,4171,5530
4685,1642,984,7938,200,4493,4154,5905,7063,9928,6655,5318,7467,5965,5487,3522,2858,2080,717,4491,3964,5472,4812,4610,5203,277,3722,8734,6721,2638,8499,6414,6985,5760,8820,9965,2989,5721,5443,8308,3015,6142,7638,1936,5335,3379,2079,7576,7593,2257,4027,1093,8132,7002,8182,1326,2651,6310,5167,6464,7093,7884,8154,1168,726,4113,7353,3118,2935,3282,4307,117,8349,7333,7262,4292,6646
8538,3423,1106,5731,6085,8168,4684,4351,8428,2640,318,1305,2844,8012
2566,7983,1475,776,9256,1021,695,30,4825,5209,5979,6636,2232,9450,1069,370,9990,5718,300,7949,2519,4483,1083,4415,6365,4353,6684,9330,7801,7479,6443
1801,998,9188,4947,3752,4038,1337,8167,8317,3168,2899,5656,4005,9171,6595,4568,2785,440,8433,449,3977,9079,8459,1254,7553,1764,1255,5598,4996,8734,4899,3592,9292,6710,3241,2837,8993,7240,6397,5840,5800,4034,8131,3954,7949,5989,1147,5124,2298,4282,1203,645,4879,7151,5278
9054,6983,5139,689,8470,1168,3422,8197,5510,5751,1255,4547,5810,8292,5179,6491,9089,809,1215,7960,1378,954
8412,8144,1516,1139,1008,2683,4102,9417,7371,4918,3064,5116,8609,7865,9369,5353,1260,852,452,8179,9507,4053,3740,5423,5389,8136,290,353,1173,2270,606,4491,5349,4023,5137,1378,2586,8287,1552,3892,8309,3854,2291,717,6916,4476,4219,2215,4873,3167,4739,4320,2228,7809,2257,1976,9512,3614,6355,3029,4048,3581,52,3231,6271,2778,868,9282,338,3557,3016,5882,3078,3180,7280,6317,9607,266,5820,4363,7045,9901,318,1289,1683,2593,4176,5505,8030,6057,4382,3530,9928,3780,4314,3214,3319,9089,7703,1375,7453
6935,5912,8658,1755,9078,3692,389,8088,9224,1721,6923,9806,5002,1524,2157,7030,3277,1782,2089,4734,6173,6829,5135,4641,8146,9140,8242,1940,2279,5681,4790,8820,3933,2883,9243,1021,5058,2079,7235,1025,7598,3153,2525,5119,699,7615,3685,5515,7609,3361,2515,4497,6087,7591,746,4032,1039,2856,7050,6988,238,2149,3875,4719,1712,9981,4895,8994,3282,9357,5156,6260,7727,6092,3671,1161,673,6662,3901,7935,2921,5977,4913,5940,4667,2225,8992,6763,1111,8308
9450,7510,1147,4515,1705,8559,9090,9904,1862,5751,2236,2554,2581,4866
2860,3235,4623,9907,6172,9901,9699,6660,4063,9981,6640,5494,2157,2430,7939,3004
1774,9252,5529,3828,3486,5356,4352,25,5394,8388,5941,7472,3187,7103,349,2030,3465
113,3915,6839,7064,4068,1284,533,6010,425,275,1215,9003,361,340,2523,5046,4971,3271,3311,4322,4113,1580,1343,9407,7872,9008,151,1735,7686,4488,4393,9368,4845,4493,7965,1727,5364,7350,9833,663,5438,7921,9161,3016,6861,6509,427,3659,8135,4782,3799,6812,1859,6387,8199,189,5370,9197,2690,5439,2320,6345,9748,8701,6445,4715,9879,5572,9378,6068,2213,8823,6921,5657,5355,3710,7619,7309,1926,8012,1073
5816,9870,2996,717,9537,113,4922,1832,6447,1322,3347,8760
5867,9586,568,8249,3008,7739,5312,8948,8672,7204,8709,7200,3833,3118
6586,7812,8570,9990,7040,9907,5847,1016
411,7148,4439,3934,1097,6652,707,8268,2648,9855,9429,6059,7786,1557,5560,159,2403,7896,312,7428,8738,595,9453,9059,331,2528,8259,7479,3889,1125,7909,1337,1447
744,593
6922,2786,4885,8526,6406,4683,8111,8406,3537,6662,8889,9109,716,5451,4693,446,6878,6907,3763,1532,349,4817,8505,1451,8733,2608,9298,4713,5721,6142,4113,9857,2987,554,8599,7564,1851,797,4374
8043,9343,2402,9477,2601,8962
3482,1590,4307,7312,7206,462,5000,2653,5641,8159,4487,9136,3233,717,5432,9186,7270,3091,9446,9963,7054,8120,274,2573,7045,5068,3133,7279,4953,1090,6363,5092,1774,9965,2520,7524,3706,7466,8412,752,3186,4866,677,2408,9217,2643,8979,1207,3063,3329,1203,4809,3946,2079,4097,8702,9680,4991,4380,5174,6518,5534,4661,5805,1755,9650,159,7457,1073,3973,1850,8906,935,8117
1416,8919,6271,8664,5968,113,1276,2925,2210,398,7563,6463,4120,7628,7207,787,7702,6484,7942,2027,387,822
3361,1463,3652,1660,7415
7446,6671,267,968,9665,805,6289,2880,3977,7225,1275,2084,8530,4761,7160,7173,5060,6640,6370,819,6083,4287,6839,1590,8215,3344,8067,5540,3126,1936,3396,5353,3707,4741,2404,9414,3335,677,4003,4110,4405,7650,5193,30,7355,1138,2870,7631,5309,3200,7118,3021,8973,6190,3286,2902,2925,5431,5260,431,8494,1922,5613,7712,2706,1595,6801,4001,5763,8822,6256,8032,3710,663,6544,3916,116,4831,3166,5979,7599,4545,9256,7353,9632,3652,1755,3663,8428,4882,6476,923,7270,6323,9195,820,2096,3073,4417,1964,5751,7146,5867,1941,9149,6636,200,2308,8012,7226,5580,8515,1637,1191,7231,1634,3638,8,5399,7721,533,7925,6352,2573,4041,4996,6142,3320,3247,9039,852,6107,3228,886,1955,5804,8213,4743,2781,582,4133,1435,3570,1503,7200,3806,5044,6025,557,7551,9741,9095,1094,2882,8763,5968,978,3370,1870,488,3480,5299,3864,9990,324,5758,5848,2119,7208,5551,2651,9989,6266,4762,9224,7097,9797,7630,4841,8747,9078,8272,3353,2774,6583,5947,7945,13,5861,7905,2228,9772,5143,6436,4414,1016,7274,6655,4493,3784,4740,263,8389
1965,6279,1546,7628,9680,6479,9992,2502,2870,9855,3787,5203,9038,9224,3646
7977,852,1129,5603,7690,2125,1499,9803,5419,4458,9904,4117,8483,9489,3121,8454,7231,7650,1151,8672,2196,3601,6894,7272,6595,6583,1054,3806,6719,7190,2996,4000,5772,8951,6550
3933,6029,5418,2879,8701,7576,3840,5360,6285,7150,1083,7430,2700,2027,5971,6183,9722,3819,9097,9206,3901,1499,3214,7321,9197,3697,3929,6661,9826,3077,8872,1820,7512,1332,1683,7118,9450,1447,8734,318,8389,7032,9377,7787,6636,5789,3059,5853,852,9383,7267,4531,9562,3500,2885,9975,1090,1012,5967,6595,7478,5477,5560,2361,793,1961,1698,7857,5947,2686,1054,3089,7884,5227,431,735,2035,6034,826,4003,6247,1065,8791,9368,6923,4382,5723,4607,5419,2096,591,3705,3123,2889,163,2395,3616
3745,4746,9596,1352,8531,3763,9190,3947,2051,8997
1451,7498,1391,4878,3592,8610,8414,2181,7615,7474,2967,2165,8872,8897,5344,8664,1704,5036,6904,723,3383,8287
6953,3331,5431,9010
7045,5261,5193,8156,7204,2980,5176,8179,8618,2765,8717,4417,1301,6323,1993,9383,2279,2271,8043,7952
2727
7174
9900,5995,675,7874,8563,3541,9641,3017,4485,7810,412,3467,8562,3639,9802,420,6582,2383,5068,5883,6851
8888,5119,6135,9126,5905,9010,5442,8405,7231,8487,8105
4908,5491,1540,1850,9456,6007,9377,3930,4956,1246,5441,2130,6450,2504,820,5170,9536,3854,8738,8277,3331,4767,7248,1443,5928,7962,3639,5744,8716,3400,1076,7204,4664,4000,8562,4444,4713,2157,1993,8356,5699,3832,1706,3933,5275,5203,5855,3593,3347,4432,2015,2048,8723,641,8433,4181,8368,3399,8050,823,7205,6438,5662,2602,2960,5872,6748,7941,5927,4790,6909,5444,4097,8570,269
8802,6497,4761,2215,760,998,5442
6899,7634,5719,4323,4246,440,7535,9891,570,2089,9637,414,8993,1073,7611,7265,5907,5512,612,8951,8003,3801,57,7231,9585,4002,901,4809,1188,194,4715,6317,4601,5200,6020,2079,8477,9990,2723,5930,9111,3621,9383,7893,1230,7963,4649,3485,4001,4889,7474,1025,8834,5712,9089,1686,6988,7185,2062,3467,627,5928,4382,9880,3495,5861,1414,8156,6388,9533,2207,9417,8582,7626,9274,4831,8210,5344,1766,7964,562,5735,4019,471,2237,861,7571,723,8179
4761,5372,1840,7939
4641,5227,263,4758,2929,359,2427,9064,4634,6074,4610,9105,7765,3884,7690,5129,1172,9892,3518,1276,5820,6866,89,6381,5965,8951,7649,2138,8526,623,8319,6686,7145,5465,9321,3787,3614,1147,8772,5736,4598,1052,9078,2458,2925,8469,1976,4322,5373,151,3725,4359,7436,9812,7421,6523,9256,1601,4996,4843,3387,3136,9680,4761,852,7355,2096,5231,3902,1516,5441,8944,1350,675,7631,5604,1595,9519,5228,2036,2213,9628,6366,2158
5940,1839,6851,6611,4529,9528,1482,7417,9758,8733,2261,1516,639,7836,726,7366
8948,5758,6661,4843,9414,1803,1369,4287,8872,5712,7145
8622,5344,7825,1403,6926,7479,2450,8048,6491,9485,8463,5494,601,8978,2988,4000,8012,5379,9509,2105,9544,7982,8304,8282,1744,1761,1280,9704,7204,8989,221,6019,5238,8069,2713,2779
5886,2379,4543,4957,7593,6763,9132,695,7420,6560,8012,1188,8500,9894,99,6943
6369,300,3354,6507,4302,3423,2179,1663,5699,8538,3083,1590,1073,6142,7347,4311,184,7580,6714,8805,8724,8921,1138,4779,273,194,1821,5473,1260,7687,8655,6983,7948,9679,5698,134,4614,2658,7474,8954,768,787,9540,8672,9477,3814,2034,6325,3307,9385,2153,1016,9198,6031,9387,6373,7006,5487,4876,4245,7522,4380,2981,5855,6103,9038,377
8368,7449,5442,5807,5294,1369,793,6550,723,221,2618,2520,4883,6781,2976,3763,1781,2555,2878,2212,1386,724,9763,4382,8317,6410,7824,5437,3824,6766,7784,4746,318
4458,5835,9385,8141,1147,4941,939,9281,6823,8107,5505,2720,7929,3161,2027,7654,4892,641,9540,606,7603,5517,5652,9577,9383,7938,8709,7353
5677,9281,2216,9120,9041,9261,6307,7062
3548,1449,7923,8334,1301,5377,9225,4947,4098,3752,431,7856,5825,4411,7749,4685,5233,596,9003,1585,54,8085,9027,6092,3630,3828,8329,7920,7481
7628,1077,6923,9974,4405,7932,4071,3123,8723,5345,2727,3089,4362,6868
1249,2987,6030,2404,8035,1803,6438,66,3692,2236
5255,3473,8895,3824,7029,3996,1125,5438,5344,9238,5052,9312,2458,584,1239,2581,8370,3573,4866,7194,2840,7184,6595,7562,7888,6738,3865,1571,3572,6560,3319,9689,7640,8057,4325,66,836,6947,7045,4683,7770,7572,7929,6922,6391,8262,7358,3810,3068,8446,6835,8215,9582,778,2473,9358,318,2713,8490,41,4085,4336,5442,6227,5529,8707,4716,5603,5336,651,8992,3349,7148,8970,9281,993,2450,1090,77,3818,3063,8557,3964,4655,7083,4790,5062,3914,5517,5487,6293,3479,4456,7974,3394,1013,8409,5107,8805,7160,9774,9758,2950,4850,7108,2212,9536,7353,176,2537,6284,95,6910,7312,3124,8702,7466,2525,8991,3009,7626,4916,134,6570,5353,673,1563,4357,9206,9635,464,2285,3857,1590,5161,6057,239,926,8955,2210,8822,5775,1993,7355,5971,7140,7015,9937,7467,166,3041,6559,4867,200,5960,300,1638,9373,805,4518,6169,4989,2724,5309,955,8892,2925,1012,7052,4302,346,5940,5630,5423,6809,4171,5530
4685,1642,984,7938,200,4493,4154,5905,7063,9928,6655,5318,7467,5965,5487,3522,2858,2080,717,4491,3964,5472,4812,4610,5203,277,3722,8734,6721,2638,8499,6414,6985,5760,8820,9965,2989,5721,5443,8308,3015,6142,7638,1936,5335,3379,2079,7576,7593,2257,4027,1093,8132,7002,8182,1326,2651,6310,5167,6464,7093,7884,8154,1168,726,4113,7353,3118,2935,3282,4307,117,8349,7333,7262,4292,6646
8538,3423,1106,5731,6085,8168,4684,4351,8428,2640,318,1305,2844,8012
2566,7983,1475,776,9256,1021,695,30,4825,5209,5979,6636,2232,9450,1069,370,9990,5718,300,7949,2519,4483,1083,4415,6365,4353,6684,9330,7801,7479,6443
1801,998,9188,4947,3752,4038,1337,8167,8317,3168,2899,5656,4005,9171,6595,4568,2785,440,8433,449,3977,9079,8459,1254,7553,1764,1255,5598,4996,8734,4899,3592,9292,6710,3241,2837,8993,7240,6397,5840,5800,4034,8131,3954,7949,5989,1147,5124,2298,4282,1203,645,4879,7151,5278
9054,6983,5139,689,8470,1168,3422,8197,5510,5751,1255,4547,5810,8292,5179,6491,9089,809,1215,7960,1378,954
8412,8144,1516,1139,1008,2683,4102,9417,7371,4918,3064,5116,8609,7865,9369,5353,1260,852,452,8179,9507,4053,3740,5423,5389,8136,290,353,1173,2270,606,4491,5349,4023,5137,1378,2586,8287,1552,3892,8309,3854,2291,717,6916,4476,4219,2215,4873,3167,4739,4320,2228,7809,2257,1976,9512,3614,6355,3029,4048,3581,52,3231,6271,2778,868,9282,338,3557,3016,5882,3078,3180,7280,6317,9607,266,5820,4363,7045,9901,318,1289,1683,2593,4176,5505,8030,6057,4382,3530,9928,3780,4314,3214,3319,9089,7703,1375,7453
6935,5912,8658,1755,9078,3692,389,8088,9224,1721,6923,9806,5002,1524,2157,7030,3277,1782,2089,4734,6173,6829,5135,4641,8146,9140,8242,1940,2279,5681,4790,8820,3933,2883,9243,1021,5058,2079,7235,1025,7598,3153,2525,5119,699,7615,3685,5515,7609,3361,2515,4497,6087,7591,746,4032,1039,2856,7050,6988,238,2149,3875,4719,1712,9981,4895,8994,3282,9357,5156,6260,7727,6092,3671,1161,673,6662,3901,7935,2921,5977,4913,5940,4667,2225,8992,6763,1111,8308
9450,7510,1147,4515,1705,8559,9090,9904,1862,5751,2236,2554,2581,4866
2860,3235,4623,9907,6172,9901,9699,6660,4063,9981,6640,5494,2157,2430,7939,3004
1774,9252,5529,3828,3486,5356,4352,25,5394,8388,5941,7472,3187,7103,349,2030,3465
113,3915,6839,7064,4068,1284,533,6010,425,275,1215,9003,361,340,2523,5046,4971,3271,3311,4322,4113,1580,1343,9407,7872,9008,151,1735,7686,4488,4393,9368,4845,4493,7965,1727,5364,7350,9833,663,5438,7921,9161,3016,6861,6509,427,3659,8135,4782,3799,6812,1859,6387,8199,189,5370,9197,2690,5439,2320,6345,9748,8701,6445,4715,9879,5572,9378,6068,2213,8823,6921,5657,5355,3710,7619,7309,1926,8012,1073
5816,9870,2996,717,9537,113,4922,1832,6447,1322,3347,8760
5867,9586,568,8249,3008,7739,5312,8948,8672,7204,8709,7200,3833,3118
6586,7812,8570,9990,7040,9907,5847,1016
411,7148,4439,3934,1097,6652,707,8268,2648,9855,9429,6059,7786,1557,5560,159,2403,7896,312,7428,8738,595,9453,9059,331,2528,8259,7479,3889,1125,7909,1337,1447
744,593
6922,2786,4885,8526,6406,4683,8111,8406,3537,6662,8889,9109,716,5451,4693,446,6878,6907,3763,1532,349,4817,8505,1451,8733,2608,9298,4713,5721,6142,4113,9857,2987,554,8599,7564,1851,797,4374
8043,9343,2402,9477,2601,8962
3482,1590,4307,7312,7206,462,5000,2653,5641,8159,4487,9136,3233,717,5432,9186,7270,3091,9446,9963,7054,8120,274,2573,7045,5068,3133,7279,4953,1090,6363,5092,1774,9965,2520,7524,3706,7466,8412,752,3186,4866,677,2408,9217,2643,8979,1207,3063,3329,1203,4809,3946,2079,4097,8702,9680,4991,4380,5174,6518,5534,4661,5805,1755,9650,159,7457,1073,3973,1850,8906,935,8117
1416,8919,6271,8664,5968,113,1276,2925,2210,398,7563,6463,4120,7628,7207,787,7702,6484,7942,2027,387,822
3361,1463,3652,1660,7415
7446,6671,267,968,9665,805,6289,2880,3977,7225,1275,2084,8530,4761,7160,7173,5060,6640,6370,819,6083,4287,6839,1590,8215,3344,8067,5540,3126,1936,3396,5353,3707,4741,2404,9414,3335,677,4003,4110,4405,7650,5193,30,7355,1138,2870,7631,5309,3200,7118,3021,8973,6190,3286,2902,2925,5431,5260,431,8494,1922,5613,7712,2706,1595,6801,4001,5763,8822,6256,8032,3710,663,6544,3916,116,4831,3166,5979,7599,4545,9256,7353,9632,3652,1755,3663,8428,4882,6476,923,7270,6323,9195,820,2096,3073,4417,1964,5751,7146,5867,1941,9149,6636,200,2308,8012,7226,5580,8515,1637,1191,7231,1634,3638,8,5399,7721,533,7925,6352,2573,4041,4996,6142,3320,3247,9039,852,6107,3228,886,1955,5804,8213,4743,2781,582,4133,1435,3570,1503,7200,3806,5044,6025,557,7551,9741,9095,1094,2882,8763,5968,978,3370,1870,488,3480,5299,3864,9990,324,5758,5848,2119,7208,5551,2651,9989,6266,4762,9224,7097,9797,7630,4841,8747,9078,8272,3353,2774,6583,5947,7945,13,5861,7905,2228,9772,5143,6436,4414,1016,7274,6655,4493,3784,4740,263,8389
1965,6279,1546,7628,9680,6479,9992,2502,2870,9855,3787,5203,9038,9224,3646
7977,852,1129,5603,7690,2125,1499,9803,5419,4458,9904,4117,8483,9489,3121,8454,7231,7650,1151,8672,2196,3601,6894,7272,6595,6583,1054,3806,6719,7190,2996,4000,5772,8951,6550
3933,6029,5418,2879,8701,7576,3840,5360,6285,7150,1083,7430,2700,2027,5971,6183,9722,3819,9097,9206,3901,1499,3214,7321,9197,3697,3929,6661,9826,3077,8872,1820,7512,1332,1683,7118,9450,1447,8734,318,8389,7032,9377,7787,6636,5789,3059,5853,852,9383,7267,4531,9562,3500,2885,9975,1090,1012,5967,6595,7478,5477,5560,2361,793,1961,1698,7857,5947,2686,1054,3089,7884,5227,431,735,2035,6034,826,4003,6247,1065,8791,9368,6923,4382,5723,4607,5419,2096,591,3705,3123,2889,163,2395,3616
3745,4746,9596,1352,8531,3763,9190,3947,2051,8997
1451,7498,1391,4878,3592,8610,8414,2181,7615,7474,2967,2165,8872,8897,5344,8664,1704,5036,6904,723,3383,8287
6953,3331,5431,9010
7045,5261,5193,8156,7204,2980,5176,8179,8618,2765,8717,4417,1301,6323,1993,9383,2279,2271,8043,7952
2727
7174
9900,5995,675,7874,8563,3541,9641,3017,4485,7810,412,3467,8562,3639,9802,420,6582,2383,5068,5883,6851
8888,5119,6135,9126,5905,9010,5442,8405,7231,8487,8105
4908,5491,1540,1850,9456,6007,9377,3930,4956,1246,5441,2130,6450,2504,820,5170,9536,3854,8738,8277,3331,4767,7248,1443,5928,7962,3639,5744,8716,3400,1076,7204,4664,4000,8562,4444,4713,2157,1993,8356,5699,3832,1706,3933,5275,5203,5855,3593,3347,4432,2015,2048,8723,641,8433,4181,8368,3399,8050,823,7205,6438,5662,2602,2960,5872,6748,7941,5927,4790,6909,5444,4097,8570,269
8802,6497,4761,2215,760,998,5442
6899,7634,5719,4323,4246,440,7535,9891,570,2089,9637,414,8993,1073,7611,7265,5907,5512,612,8951,8003,3801,57,7231,9585,4002,901,4809,1188,194,4715,6317,4601,5200,6020,2079,8477,9990,2723,5930,9111,3621,9383,7893,1230,7963,4649,3485,4001,4889,7474,1025,8834,5712,9089,1686,6988,7185,2062,3467,627,5928,4382,9880,3495,5861,1414,8156,6388,9533,2207,9417,8582,7626,9274,4831,8210,5344,1766,7964,562,5735,4019,471,2237,861,7571,723,8179
4761,5372,1840,7939
4641,5227,263,4758,2929,359,2427,9064,4634,6074,4610,9105,7765,3884,7690,5129,1172,9892,3518,1276,5820,6866,89,6381,5965,8951,7649,2138,8526,623,8319,6686,7145,5465,9321,3787,3614,1147,8772,5736,4598,1052,9078,2458,2925,8469,1976,4322,5373,151,3725,4359,7436,9812,7421,6523,9256,1601,4996,4843,3387,3136,9680,4761,852,7355,2096,5231,3902,1516,5441,8944,1350,675,7631,5604,1595,9519,5228,2036,2213,9628,6366,2158
5940,1839,6851,6611,4529,9528,1482,7417,9758,8733,2261,1516,639,7836,726,7366
8948,5758,6661,4843,9414,1803,1369,4287,8872,5712,7145
8622,5344,7825,1403,6926,7479,2450,8048,6491,9485,8463,5494,601,8978,2988,4000,8012,5379,9509,2105,9544,7982,8304,8282,1744,1761,1280,9704,7204,8989,221,6019,5238,8069,2713,2779
5886,2379,4543,4957,7593,6763,9132,695,7420,6560,8012,1188,8500,9894,99,6943
6369,300,3354,6507,4302,3423,2179,1663,5699,8538,3083,1590,1073,6142,7347,4311,184,7580,6714,8805,8724,8921,1138,4779,273,194,1821,5473,1260,7687,8655,6983,7948,9679,5698,134,4614,2658,7474,8954,768,787,9540,8672,9477,3814,2034,6325,3307,9385,2153,1016,9198,6031,9387,6373,7006,5487,4876,4245,7522,4380,2981,5855,6103,9038,377
8368,7449,5442,5807,5294,1369,793,6550,723,221,2618,2520,4883,6781,2976,3763,1781,2555,2878,2212,1386,724,9763,4382,8317,6410,7824,5437,3824,6766,7784,4746,318
4458,5835,9385,8141,1147,4941,939,9281,6823,8107,5505,2720,7929,3161,2027,7654,4892,641,9540,606,7603,5517,5652,9577,9383,7938,8709,7353
5677,9281,2216,9120,9041,9261,6307,7062
3548,1449,7923,8334,1301,5377,9225,4947,4098,3752,431,7856,5825,4411,7749,4685,5233,596,9003,1585,54,8085,9027,6092,3630,3828,8329,7920,7481
7628,1077,6923,9974,4405,7932,4071,3123,8723,5345,2727,3089,4362,6868
1249,2987,6030,2404,8035,1803,6438,66,3692,2236
5255,3473,8895,3824,7029,3996,1125,5438,5344,9238,5052,9312,2458,584,1239,2581,8370,3573,4866,7194,2840,7184,6595,7562,7888,6738,3865,1571,3572,6560,3319,9689,7640,8057,4325,66,836,6947,7045,4683,7770,7572,7929,6922,6391,8262,7358,3810,3068,8446,6835,8215,9582,778,2473,9358,318,2713,8490,41,4085,4336,5442,6227,5529,8707,4716,5603,5336,651,8992,3349,7148,8970,9281,993,2450,1090,77,3818,3063,8557,3964,4655,7083,4790,5062,3914,5517,5487,6293,3479,4456,7974,3394,1013,8409,5107,8805,7160,9774,9758,2950,4850,7108,2212,9536,7353,176,2537,6284,95,6910,7312,3124,8702,7466,2525,8991,3009,7626,4916,134,6570,5353,673,1563,4357,9206,9635,464,2285,3857,1590,5161,6057,239,926,8955,2210,8822,5775,1993,7355,5971,7140,7015,9937,7467,166,3041,6559,4867,200,5960,300,1638,9373,805,4518,6169,4989,2724,5309,955,8892,2925,1012,7052,4302,346,5940,5630,5423,6809,4171,5530
4685,1642,984,7938,200,4493,4154,5905,7063,9928,6655,5318,7467,5965,5487,3522,2858,2080,717,4491,3964,5472,4812,4610,5203,277,3722,8734,6721,2638,8499,6414,6985,5760,8820,9965,2989,5721,5443,8308,3015,6142,7638,1936,5335,3379,2079,7576,7593,2257,4027,1093,8132,7002,8182,1326,2651,6310,5167,6464,7093,7884,8154,1168,726,4113,7353,3118,2935,3282,4307,117,8349,7333,7262,4292,6646
8538,3423,1106,5731,6085,8168,4684,4351,8428,2640,318,1305,2844,8012
2566,7983,1475,776,9256,1021,695,30,4825,5209,5979,6636,2232,9450,1069,370,9990,5718,300,7949,2519,4483,1083,4415,6365,4353,6684,9330,7801,7479,6443
1801,998,9188,4947,3752,4038,1337,8167,8317,3168,2899,5656,4005,9171,6595,4568,2785,440,8433,449,3977,9079,8459,1254,7553,1764,1255,5598,4996,8734,4899,3592,9292,6710,3241,2837,8993,7240,6397,5840,5800,4034,8131,3954,7949,5989,1147,5124,2298,4282,1203,645,4879,7151,5278
9054,6983,5139,689,8470,1168,3422,8197,5510,5751,1255,4547,5810,8292,5179,6491,9089,809,1215,7960,1378,954
8412,8144,1516,1139,1008,2683,4102,9417,7371,4918,3064,5116,8609,7865,9369,5353,1260,852,452,8179,9507,4053,3740,5423,5389,8136,290,353,1173,2270,606,4491,5349,4023,5137,1378,2586,8287,1552,3892,8309,3854,2291,717,6916,4476,4219,2215,4873,3167,4739,4320,2228,7809,2257,1976,9512,3614,6355,3029,4048,3581,52,3231,6271,2778,868,9282,338,3557,3016,5882,3078,3180,7280,6317,9607,266,5820,4363,7045,9901,318,1289,1683,2593,4176,5505,8030,6057,4382,3530,9928,3780,4314,3214,3319,9089,7703,1375,7453
6935,5912,8658,1755,9078,3692,389,8088,9224,1721,6923,9806,5002,1524,2157,7030,3277,1782,2089,4734,6173,6829,5135,4641,8146,9140,8242,1940,2279,5681,4790,8820,3933,2883,9243,1021,5058,2079,7235,1025,7598,3153,2525,5119,699,7615,3685,5515,7609,3361,2515,4497,6087,7591,746,4032,1039,2856,7050,6988,238,2149,3875,4719,1712,9981,4895,8994,3282,9357,5156,6260,7727,6092,3671,1161,673,6662,3901,7935,2921,5977,4913,5940,4667,2225,8992,6763,1111,8308
9450,7510,1147,4515,1705,8559,9090,9904,1862,5751,2236,2554,2581,4866
2860,3235,4623,9907,6172,9901,9699,6660,4063,9981,6640,5494,2157,2430,7939,3004
1774,9252,5529,3828,3486,5356,4352,25,5394,8388,5941,7472,3187,7103,349,2030,3465
113,3915,6839,7064,4068,1284,533,6010,425,275,1215,9003,361,340,2523,5046,4971,3271,3311,4322,4113,1580,1343,9407,7872,9008,151,1735,7686,4488,4393,9368,4845,4493,7965,1727,5364,7350,9833,663,5438,7921,9161,3016,6861,6509,427,3659,8135,4782,3799,6812,1859,6387,8199,189,5370,9197,2690,5439,2320,6345,9748,8701,6445,4715,9879,5572,9378,6068,2213,8823,6921,5657,5355,3710,7619,7309,1926,8012,1073
5816,9870,2996,717,9537,113,4922,1832,6447,1322,3347,8760
5867,9586,568,8249,3008,7739,5312,8948,8672,7204,8709,7200,3833,3118
6586,7812,8570,9990,7040,9907,5847,1016
411,7148,4439,3934,1097,6652,707,8268,2648,9855,9429,6059,7786,1557,5560,159,2403,7896,312,7428,8738,595,9453,9059,331,2528,8259,7479,3889,1125,7909,1337,1447
744,593
6922,2786,4885,8526,6406,4683,8111,8406,3537,6662,8889,9109,716,5451,4693,446,6878,6907,3763,1532,349,4817,8505,1451,8733,2608,9298,4713,5721,6142,4113,9857,2987,554,8599,7564,1851,797,4374
8043,9343,2402,9477,2601,8962
3482,1590,4307,7312,7206,462,5000,2653,5641,8159,4487,9136,3233,717,5432,9186,7270,3091,9446,9963,7054,8120,274,2573,7045,5068,3133,7279,4953,1090,6363,5092,1774,9965,2520,7524,3706,7466,8412,752,3186,4866,677,2408,9217,2643,8979,1207,3063,3329,1203,4809,3946,2079,4097,8702,9680,4991,4380,5174,6518,5534,4661,5805,1755,9650,159,7457,1073,3973,1850,8906,935,8117
1416,8919,6271,8664,5968,113,1276,2925,2210,398,7563,6463,4120,7628,7207,787,7702,6484,7942,2027,387,822
3361,1463,3652,1660,7415
7446,6671,267,968,9665,805,6289,2880,3977,7225,1275,2084,8530,4761,7160,7173,5060,6640,6370,819,6083,4287,6839,1590,8215,3344,8067,5540,3126,1936,3396,5353,3707,4741,2404,9414,3335,677,4003,4110,4405,7650,5193,30,7355,1138,2870,7631,5309,3200,7118,3021,8973,6190,3286,2902,2925,5431,5260,431,8494,1922,5613,7712,2706,1595,6801,4001,5763,8822,6256,8032,3710,663,6544,3916,116,4831,3166,5979,7599,4545,9256,7353,9632,3652,1755,3663,8428,4882,6476,923,7270,6323,9195,820,2096,3073,4417,1964,5751,7146,5867,1941,9149,6636,200,2308,8012,7226,5580,8515,1637,1191,7231,1634,3638,8,5399,7721,533,7925,6352,2573,4041,4996,6142,3320,3247,9039,852,6107,3228,886,1955,5804,8213,4743,2781,582,4133,1435,3570,1503,7200,3806,5044,6025,557,7551,9741,9095,1094,2882,8763,5968,978,3370,1870,488,3480,5299,3864,9990,324,5758,5848,2119,7208,5551,2651,9989,6266,4762,9224,7097,9797,7630,4841,8747,9078,8272,3353,2774,6583,5947,7945,13,5861,7905,2228,9772,5143,6436,4414,1016,7274,6655,4493,3784,4740,263,8389
1965,6279,1546,7628,9680,6479,9992,2502,2870,9855,3787,5203,9038,9224,3646
7977,852,1129,5603,7690,2125,1499,9803,5419,4458,9904,4117,8483,9489,3121,8454,7231,7650,1151,8672,2196,3601,6894,7272,6595,6583,1054,3806,6719,7190,2996,4000,5772,8951,6550
3933,6029,5418,2879,8701,7576,3840,5360,6285,7150,1083,7430,2700,2027,5971,6183,9722,3819,9097,9206,3901,1499,3214,7321,9197,3697,3929,6661,9826,3077,8872,1820,7512,1332,1683,7118,9450,1447,8734,318,8389,7032,9377,7787,6636,5789,3059,5853,852,9383,7267,4531,9562,3500,2885,9975,1090,1012,5967,6595,7478,5477,5560,2361,793,1961,1698,7857,5947,2686,1054,3089,7884,5227,431,735,2035,6034,826,4003,6247,1065,8791,9368,6923,4382,5723,4607,5419,2096,591,3705,3123,2889,163,2395,3616
3745,4746,9596,1352,8531,3763,9190,3947,2051,8997
1451,7498,1391,4878,3592,8610,8414,2181,7615,7474,2967,2165,8872,8897,5344,8664,1704,5036,6904,723,3383,8287
6953,3331,5431,9010
7045,5261,5193,8156,7204,2980,5176,8179,8618,2765,8717,4417,1301,6323,1993,9383,2279,2271,8043,7952
2727
7174
9900,5995,675,7874,8563,3541,9641,3017,4485,7810,412,3467,8562,3639,9802,420,6582,2383,5068,5883,6851
8888,5119,6135,9126,5905,9010,5442,8405,7231,8487,8105
4908,5491,1540,1850,9456,6007,9377,3930,4956,1246,5441,2130,6450,2504,820,5170,9536,3854,8738,8277,3331,4767,7248,1443,5928,7962,3639,5744,8716,3400,1076,7204,4664,4000,8562,4444,4713,2157,1993,8356,5699,3832,1706,3933,5275,5203,5855,3593,3347,4432,2015,2048,8723,641,8433,4181,8368,3399,8050,823,7205,6438,5662,2602,2960,5872,6748,7941,5927,4790,6909,5444,4097,8570,269
8802,6497,4761,2215,760,998,5442
6899,7634,5719,4323,4246,440,7535,9891,570,2089,9637,414,8993,1073,7611,7265,5907,5512,612,8951,8003,3801,57,7231,9585,4002,901,4809,1188,194,4715,6317,4601,5200,6020,2079,8477,9990,2723,5930,9111,3621,9383,7893,1230,7963,4649,3485,4001,4889,7474,1025,8834,5712,9089,1686,6988,7185,2062,3467,627,5928,4382,9880,3495,5861,1414,8156,6388,9533,2207,9417,8582,7626,9274,4831,8210,5344,1766,7964,562,5735,4019,471,2237,861,7571,723,8179
4761,5372,1840,7939
