1016,1030,1069,1143,116,120,1222,1418,152,1545,1588,1630,1770,1824,1873,189,201,215,2168,2369,2471,2517,2599,282,29,301,3245,336,3371,3458,360,365,3955,3990,4005,414,4168,423,426,4371,4505,4654,472,4729,4776,490,508,557,567,590,601,603,6040,6041,637,665,694,713,72,7262,801,818,826,907,971,98,9806
1007,1020,105,1290,1304,1742,1745,205,3122,3244,41,4337,4443,505,5777,617,666,7435,823,839
1,11,1170,1233,1238,153,1666,17,1710,1722,178,197,1998,2212,2262,245,2541,2649,278,347,3536,360,367,3709,3725,3748,391,397,4263,4277,428,43,4565,4671,469,470,4794,527,536,5427,5500,552,558,5594,598,6083,656,69,7546,757,76,84,882,888,9113,918,9892,993
1121,1132,1265,1382,141,1559,1726,192,198,263,289,294,36,364,382,3906,4430,46,4749,5018,5536,623,683,6976,719,76,7670,775,8718,9097,9355
100,1146,1573,1603,1769,1947,200,21,2113,2150,2172,2255,231,233,2382,2489,2523,2721,313,339,3501,354,445,4851,4949,541,5657,567,5733,5920,807,815,855,8570,8719,886,94
1053,1079,1342,1425,158,1611,1723,1877,188,1924,1985,2130,23,232,248,250,2526,2696,2969,3053,363,37,3739,4367,5462,573,5789,6,609,657,801,828,8877,910,917,972
101,106,1075,1095,1096,1107,1181,1362,1511,1526,157,17,1753,205,21,212,2174,231,2402,245,2730,292,313,3135,3143,338,345,3455,350,361,362,365,370,379,391,4457,4536,4572,474,4761,512,5241,5542,555,6,610,621,648,674,6875,7457,75,7888,872
105,1070,1129,1130,1156,1166,1221,1357,144,1446,1524,1631,1682,169,18,184,219,2296,242,263,3148,320,3459,3462,394,446,484,4873,5048,51,5371,542,558,5826,616,629,6471,65,687,703,7152,740,748,750,754,853,916,9534,974
1011,1350,1498,1534,2266,2758,295,308,389,496,7823
1013,1064,1087,152,1521,153,1628,1672,179,1964,217,2275,2916,298,31,3162,338,3684,3964,3979,3994,412,416,42,458,508,5154,5159,52,559,562,59,590,5992,6254,6476,7116,738,773,7872,8,803,8421,866,9020,906,91,9319,966,969,9736,9892,99
1011,102,103,107,1141,1172,1203,1304,133,1410,145,1512,1532,158,1615,1672,1784,179,1922,197,2070,2095,213,2165,2235,2249,2252,249,253,2566,2629,272,278,2827,292,293,298,3,30,347,3647,3736,4031,4095,419,4298,4442,468,4814,489,499,505,512,5154,519,5231,531,545,5455,592,5950,605,608,640,646,660,663,6665,700,701,709,7137,7640,7687,811,857,874,8942,903,9308,9944
573,7720,7890
1116,3363,3744
1080,1206,155,1986,204,2077,249,256,260,270,290,359,383,403,4241,548,557,575,5872,727,78,980
1150,1152,116,1236,133,1338,148,1509,175,19,2387,2488,2526,2544,256,2660,2786,2873,3118,3267,365,384,3877,417,490,580,6,623,671,795,8122,829,836,839,9748,9990
3173,8794,9443
1112,129,283,3714,4393,4492,641,7007,8743
122,125,1333,1378,1437,1493,155,158,1600,2148,234,2425,257,295,323,324,3254,326,3368,3492,361,3622,3642,369,399,4320,4467,450,479,547,584,5872,6193,624,629,693,789,82,8600,8639,865,8867,90,98
1027,1064,129,141,1506,1602,1896,1960,2021,219,221,2285,256,2592,292,293,307,384,3895,3954,4099,4324,5744,6197,643,649,7131,731,7514,901,918,993
1031,112,1260,156,179,247,47,4988,536,583,638,7620,8265,9879
1034,1525,165,187,2963,3262,375,514,749,889
1431,2274,3093,493,505,508
1031,121,1416,209,2227,2265,278,359,371,47,6003,604,6984,720,763,835,9023,9330,945,958
10,1010,103,1108,1134,1212,124,127,1288,1422,1447,148,166,170,171,1740,176,1857,1943,2064,2256,233,2442,2460,2644,2834,296,320,327,348,357,3592,3683,383,4014,4040,443,4433,4447,447,448,452,4588,489,5186,522,55,580,5873,592,5924,60,604,6046,6096,616,633,638,6548,69,8491,87,88,891,912,9507
3024,6048,8113
1066,109,122,1553,1588,163,2001,2382,239,256,2575,2760,333,390,405,4057,4864,6034,643,646,7321,7350,7560,766,800
1262,1568,1880,2145,313,345,3508,365,481,515,529,766,79,7978,8254,930,995
1007,1021,1077,1161,132,142,1506,169,171,1797,191,2276,2297,246,346,41,4251,464,475,513,514,522,5267,551,577,628,678,691,719,778,7834,803,806,814,9234,926
244,27,295,3277,419,519,5782,582,6465,734,74,7627
1043,1206,133,1365,1489,2091,2286,2332,2884,3529,404,423,4298,451,4761,536,539,5958,614,7164,7394,748,754,7546,7949,827,8322,909
1046,279,7258
100,1019,1107,1132,1158,1300,1424,147,1535,1550,1604,1746,1847,1903,1941,208,2394,2487,2568,286,2944,307,3144,331,3323,3358,3367,3406,3456,355,3681,401,4017,413,432,446,459,47,471,4718,474,4915,505,529,5324,5616,5685,6018,652,676,694,763,7634,8156,826,836,8829,8874,906,964
1223,128,264,2671,272,2800,319,4382,471,4890,67
100,112,167,1950,1959,2,2059,213,296,315,33,338,34,380,384,435,473,484,55,5594,7489,7926,793,9145,962,98
1480,219,220,225,236,298,3075,385,404,505,536,67,672,718,778,8384,904,9070,94
106,112,1132,1257,128,1378,1405,142,160,179,2087,2296,242,244,2562,2626,2665,2834,2931,295,30,3059,3078,3210,330,339,3555,366,387,4120,43,433,4632,4982,548,5534,5614,579,5847,601,607,638,661,662,667,6692,679,6858,7034,714,738,7492,7600,789,8236,867,8828,93,9924
143,307,34,496,601,7117,861
1046,150,158,287,404,498,6690,773
106,122,168,1749,1808,2040,389,400,4324,46,487,528,642,8873,9965
213,240,5591
106,1066,1094,1097,1299,132,1377,1513,1550,1600,1698,1724,183,1904,212,223,2238,24,259,2609,264,317,326,327,3394,3664,375,3859,3947,402,422,429,482,488,4936,4962,498,4980,51,524,558,5597,561,5628,565,568,5685,5714,575,5765,585,595,710,7147,741,773,804,8101,817,865,8892,89,894,9146,9260,943,987
1132,1139,114,1145,1261,1295,1377,1496,152,1651,1653,1690,1951,2072,2091,234,235,2470,25,251,254,2551,2962,2969,3145,3244,333,339,367,382,431,447,45,4568,4697,484,4907,5174,52,521,5221,583,5831,591,604,619,622,623,6255,6276,638,643,653,676,680,683,6889,694,706,712,72,7200,730,744,7593,766,7837,791,797,819,845,8471,922,9488,9722,980
110,1194,131,1680,170,1857,2425,2821,306,378,432,4894,588,661,6962,734
107,1492,1903,3198,375,455,501,6994
1231,157,177,193,2161,218,2756,354,442,5747,593,596,597,738,7382,7731,9012,9018,903,961
1182,1329,299,618,800,854,859
339,372,3725,490,4901,514,856,942
1110,2948,338,385,455,4581,459,487,4956,503,600,6217,669,721,7505,963
1410,1495,200,2160,2344,2578,2778,3170,3764,382,459,546,711,882,905
1397,165,1711,1858,2414,26,2736,3358,4766,5433,594,6387,7389,760,9857
