297,266,421,522,429,512,147,23,213,124,346,358,24,330,561,113,707,729,211,484,452,770,522,574
18,205,596,177,10,171,538,433,749,214,67,419,631,139,577,589,115,185,975,626,81,892,475,906,966,274,67,659,260,694,728
975,428,741,983,224,984,138,594,614,169,326,435,724,687,839,665,246,86,429,5,507,875,41,399,333,631,97
73,963,608,726,404,510,221,15,16,219,430,199,88,34,968,235,381,642,786,948,255,562,174,301,473,41,367,791,118,593,968,474,398
304,540,585,71,452,305,988,728,740,816,849,32,73,278,145,64,589,13,211,862,281,333,452,990,76,134,822,331,153
459,988,795,122,339,853,577,715,547,955,3,659,329,196,543,928,59,131,913,166,82,273,730,214,337,853,446,730,928,626
548,155,473,355,102,709,138,871,330,47,962,474,68,731,369,841,359,819,85,401,429,694,113,331,568,942,902
5,24,226,333,369,406,491,53,383,155,742,229,97,262,912,675,64,221,879,130,638,505,534,232
761,495,195,792,596,226,129,534,708,986,668,945,537,41,50,305,583,518,240,766,859,994,570,421,950,152,516,578,78,68,345,979,18,445,77,606,393
178,540,703,5,709,43,950,275,954,300,633,659,481,965,798,662,617,940,513,231,86,5,713,249,102,728,235,975,803
746,10,137,768,380,975,108,237,361,876,184,108,40,94,615,112,108,742,380,833,659,565,701,761,612,654,463,839,822
68,782,901,746,16,212,46,798,362,426,682,664,762,356,686,637,635,487,292,152,311,626,13,184,837,420,492,513,998,416,859,264,453,815,2,654
146,322,856,626,828,281,210,247,918,963,988,961,580,636,615,359,748,108,742,780,260,31,288,102,709,211,96,191
193,573,494,791,303,426,835,394,60,873,870,836,314,713,981,914,908,526,804,742,764,560,991,165
911,374,660,396,492,356,496,73,408,495,641,46,951,935,91,663,527,83,957,384,652,275,555,782,473,701,654,654
681,793,41,442,658,763,110,946,740,428,118,628,468,526,956,805,318,786,656,119,580,725,172,636
470,316,804,491,26,427,25,668,813,412,779,528,132,607,319,193,951,377,190,473,462,243,179,612,46,201,885,811,236,33,463,890,212,497,279,575
710,819,927,445,159,789,46,866,336,393,964,912,486,965,873,71,371,822,285,813,828,16,15,822
982,387,129,63,772,210,879,930,226,482,313,82,63,689,598,740,727,912,227,888,287,495,128,555,756,327,518,937,265,889,358
562,580,7,758,654,845,540,78,617,509,828,188,296,319,106,669,643,199,156,393,446,668,63,182,691,688,712,588,408,64,250,758,284,912,675,549,99,569
