102,109,171,18,225,2378,325,491,576,62,72,775
158,185,2486,278,279,342,385,41,4847,570
141,1769,295,5324,5718,6094
1014,123,2013,237,4210,4489,5732,603,95
108,1122,126,129,1322,139,140,144,15,152,156,160,164,19,1927,1967,2138,2197,231,3066,310,368,38,4331,4384,44,462,505,5209,5247,5438,5544,569,5707,603,657,6719,673,6817,710,7389,77,803,81,8172,832,8453,8834
1181,13,1421,1725,260,310,37,3991,4508,89
113,133,169,187,199,209,21,226,2280,2285,253,257,31,319,3588,38,6354,6435,69,762,792,7945,94
129,130,170,193,1970,2434,2489,2584,40,457,4689,4848,50,918,9709
100,1040,1049,1231,1397,140,149,18,22,31,4424,65,81,9362
12,122,123,19,1909,2186,236,2543,31,46,5497,67,8297,9261,94
1,102,1032,108,109,1124,113,115,1195,1236,1299,133,14,140,1449,148,154,16,1741,187,189,1997,2106,2150,219,2372,24,25,2520,2621,27,2865,290,3,30,325,329,33,341,3435,345,35,3553,357,3680,369,374,3875,395,398,40,4261,444,457,4683,475,489,4915,515,532,548,550,5951,60,65,651,696,7289,7398,74,796,80,818,8334,842,8663,871,8772,8903,9426,96,9702,9775
102,104,105,1141,117,126,13,1353,1594,163,174,208,2167,2307,231,2505,293,295,304,318,33,3327,3495,516,5291,60,603,622,64,71,79,80
1699,277,455,5274,5660,605,71,77
119,155,174,184,2346,2855,3028,6029,794,861
1487,23,2652,5189,7534
101,1159,1325,133,1403,15,150,1505,157,1612,202,233,2488,261,2663,275,3279,36,3702,3853,40,406,4084,5,50,5123,5646,5722,6237,65,7091,724,7344,76,7911,85,8917,952,98
107,142,143,2021,203,2200,230,257,259,377,5095,771,8133,865
10,1021,118,12,125,128,13,130,131,132,134,1342,1510,1512,159,161,165,1668,1796,183,188,2026,23,231,233,234,24,2414,2430,2437,245,248,25,254,255,262,2674,2684,270,2782,299,3070,308,3086,3113,333,334,340,345,3487,3593,3633,3668,3739,375,3921,40,4061,409,4104,421,4528,4559,4591,479,48,499,501,519,564,571,587,613,619,646,6711,709,7223,73,7623,77,810,86,865,8671,874,895,92,922,95,984,993
2084,3233,330,5463,8275,8740
1076,110,12,123,1604,163,167,2115,2314,238,279,319,5463,651,667,74,933
1038,1051,1185,125,1313,1325,133,139,159,1643,172,184,1860,19,1942,196,1966,2089,212,2138,2310,2525,267,27,271,276,3334,34,341,3433,3449,364,376,43,4554,4635,4953,51,544,564,5952,61,633,69,73,7866,79,845,86,8672,9,92,9361,98
129,191,2563,27,8951
146,1524,182,260,2720,368,43,477,521,599,847,891,91
141,2350,266,337
112,1190,260,269,2741,403,90,9111
1423,153,156,1643,1905,2640,372,528,6139,717,83,88,9241
109,1139,115,121,1274,1450,148,1496,160,1628,1647,179,1965,2,201,2022,207,217,226,2304,25,259,2804,309,32,326,331,397,4042,4043,460,559,594,6108,6155,622,668,67,75,76,822,8640,9323,9820
1117,116,120,156,161,1651,18,183,193,198,20,21,2198,2266,278,3034,318,331,3537,3565,405,415,4401,70,94,957,9882
103,1088,1202,121,123,144,1453,1531,1719,2,2034,2072,213,267,36,374,40,4003,4217,4363,473,48,507,513,5251,57,656,77,8056,81,84,865,893,897,91,98,981
154,1578,370,3725,377,405,4247,444,47,664,767,96,983
113,116,146,272,2854,291,3168,490,6762,8,99
115,271,751,7910
104,109,111,114,1187,125,130,1391,144,146,149,154,158,1598,1659,181,1813,19,197,20,2031,208,212,218,2203,251,2573,262,278,28,2958,2985,333,3375,368,400,41,464,470,4740,5303,5458,594,61,6109,65,6731,68,7021,8463,8917,8988
128,144,173,187,204,22,266,268,306,3237,330,3422,434,4374,4649,52,653,81
1411,1472,204,22,3047,32,403,5016,6519,69,798,8806,993
1,1007,103,1209,127,130,132,1434,153,1582,172,1928,20,208,2109,260,339,340,341,3580,3785,432,4806,512,544,5611,58,59,630,67,7026,71,72,759,8,803,88,97
2149,232,2581,6818,715
134,1724,186,218,2622,2717,297,31,45,4601,5326,59,5943,63,70,75,7744,797,81
1020,1068,1103,1149,1197,121,125,1360,139,14,142,146,1464,148,1532,1567,191,1937,2031,211,222,2240,227,231,232,236,238,2381,291,293,298,3,3349,3406,351,364,3916,41,417,42,4270,4284,443,457,462,4767,4768,477,479,499,512,52,5272,5506,623,646,6895,69,696,75,76,79,81,8104,82,840,86,90,907,933
10,1026,107,1258,1332,135,14,141,149,154,2102,214,2513,261,269,31,318,3180,3447,36,39,4,4087,45,4576,47,50,528,660,6976,70,7181,729,85,99
110,1411,1435,157,17,198,2,206,207,25,279,3357,3903,46,514,527,5342,55,674,69,710,73,77,82,87,90,9268,998
113,115,133,1370,144,1448,145,158,159,1725,173,178,183,188,207,227,259,3,3040,3051,3357,354,369,4065,422,428,432,4362,437,44,4700,4710,4827,4938,496,50,5150,53,5694,576,647,749,7747,7839,801,818,8649,996
1083,1274,134,1361,15,1798,3,35,388,413,447,474,477,522,60,604,637,65,687,7807
1985,28,3281,693,96
1063,114,1161,12,1225,1265,148,1673,171,1752,1862,187,20,233,245,27,28,287,29,2907,310,315,3382,347,348,3740,39,4033,4181,4508,461,47,485,5043,5454,60,606,6237,6279,64,643,65,6872,722,74,741,77,789,8580,88,8826,9317,9908
129,1551,171,175,1777,185,2065,240,3152,4254,4580,617,7121,905,939
130,131,134,1521,184,22,31,331,372,392,4444,723,76,78,889,98
106,1073,109,114,119,132,133,134,136,16,17,182,21,231,235,2422,26,270,2776,29,355,3690,454,46,4607,4877,51,53,57,576,6015,605,65,66,88,91,97,98
1,101,104,115,118,133,141,147,1512,1685,1755,1800,183,195,2173,23,2532,2594,265,2695,2732,277,281,304,319,34,3602,37,39,4287,441,495,54,5810,62,65,7621,788,81,86,863,90,9670,9708
1197,1311,257,661
