6617,7318,3275,5196,4293,2145,9071,1470,3995,1345,3046,9133,3170,8521,3380,5593,7376,9298,278,6691,1273,3041,649,19,5703,5289,2802,7949,6494,2879,4643,7265,5508,117,6710,2710,6629,4290,2162,526,1672,3356,850,6004,1263,6056,5976,1152,5034
3005,6140,1509,476,9340,5679,2559,1337,805
8442,3799,565,5261
2474,4418,578,7178,9651,7824,6739,3800,1099
2381,3336,3531,3801,3087,1680,908,465,3740,6930,805,4925,4194,2322,6571,2188,2810,3723,9709,3388,2346,6281,5703,5437,2703,1181,9352,1618,3846,9066,7290,7182,4620,2952,7124,685,1957,6608,9759,2027,2022,9,539,4708,3082,1951,1624,6707,8831,2690,6342
5947,672,7103,2462,6690,6095,1670,4798,9198,1843,326,1828,4783,3314,3532,2514,4876,3140,1547,8233,250,3832,9485,8644,9777,9345,8444,3291,2213,1092,1926,6154,5384,1881,7883,1753
5718,5923,9220,3196,9648,7132,9365,2440,5307,6828,2549,7216,107,6373,5095,6916,459,8382,6860,3376,8175,1265,2376
4398,8712,8482,795,1328,1213,1014,351,6431,542,9368,2715,208,7538,2505,6316,2448,7995,9190,512,5303,9975,1769,5571,4818,2747,5110,5734,136,9920,5827,7159,9606,172,7005,5126,2972
6431,6804,8855,670,879
4741,1546,4430,9826,7822,7969,4253,646,458,7091,723,2495,7838,2224,8963,9223,6324,4951,8956,8429,3122,8361,45,973,3772,238,7216,5400,1407,7949,2622,8952,7304,5412,7848,8760,3982,5845,8612,2449,5177,3894,605,7986,2016,9030,9255,9932,3435,7417,6807,2166,6941,2660
6290,2708,2448
4815,4618,7744,750,6353,243,4834,1508,6475,4816,1348,2277,384,5682,2463,9728,5148,7776,7909,9505,7170,8343,1410,771,2161,7219,3362,4883,2036,1021,5016,1378,8477,8263,4896,1135
7194,3774,4472,8790,9200,4970,6804,6131,2405,5461,2544,9334,4551,9831,7723,5699
8507,3390,5608,1603,2984,2932,4501,6714,287,6585,3825,1427,5669,5400,1902,4629,2347,255,717,7133,6766,8952,107,342,7888,5144,1043,7951,7583,5712,705,2669,7427,3630,4429,28,415,3344,6629,1597,7463,7580,1455,2409,5524,4759,4272,8078,8347,1231,4920,4984,621,3148,7848,7216,2906,5766,1688,1657,6808,2737,6823,9050,3919,2403,3201,5456,3461,679,4428,7802,4744,7179,7392,765,7909,1633,8039,5186,9697,1720,6377,6210,1866,1407,2419
601,2511,6148,4680,1285,609,7653,2271,8304,3659,1587,8513,3521,3376,2609,7135,4824,2967,9232,3844,6710,7950,9141,8211,4896,8711,1237
494,8263,885,7131,7,8212,9679,5761,9172,3912,6367,6597,74,6784,6750,3385,3747,7079,7382,3155,7197,2445,8254,9111,749,6408,2662,7714,9876,9950,6625,3440,6954,4481,8307,169,667,7953,36,2533,7057,1332,9564,3145,7534,1011,848,9023,9687,9133,9263,7932,196,5174,5011,6995
3067,692,7376,8378,6778,7922,4495,3098,5528,2277,6576,751,5475,9784,5913,81,5530,6197,2268,3405,2552,2460,784,600,5382,9965,6639,8052,8666,8553,8085,4035,2694,8705,8068,177,9927,5517,1377,6627,9085,1506,4538,2966,460,5686
4768,4712,789,336,9109,7123,3152,2326
5431,6750,4143,816,8719,4940
2444,9805,6766,2644,2674,1132,3630,1186,229,8166,6978,9095,3561,3332,6573,6524,30,6340,6948,3391,6105,2126,6580,5411,638,1483,1699,7664,2731,9368,5146
1893
6165,1449,6691,2253,7562,1123,9674,2928,2384,2440,852,6458,3865,3899,475,8668,7556,2259,3061,400,8898,1038,5463,7135,7881,9388,9312
6697,8771,505,2303,750,580,8963,9214,1077,2504,7980,7662,9331,7530,2081,8122,7425,5382,3887,4686,35,8059,947,5418
2495,5767,4618,6521,2957,8042,6478,1325,6240,5574,7824,5011,3893,1720,5727,1723,2116,2063,2046,8929,3477,9638,1702,813,4196,1273,4349,8547,4222
1824,4401,4495,6380,8005,8813,652
6448,9134,2092,3726,3340,8963
7088,1910,2328,8956,2595,1919,2928,2644,5359,9487,3305,5896,8568,5831
8089,9037,4555,1758,8398,9725,3886,5524,9610,8572,8370,3102,9206,2690,2193,6546,7803,3174,8727,1158,6676,1518,9669,3476,9424,1736,3092,4512,2441,2171,7671,1470,1513,1042,4982,695,5261,3996,5916,738,610,860,7892,2964,6054,503,1225,155,9231,6364,2405,2628,2867,9192,9450,9646,4267,1616,2237,3718,4095,6604,9135,3340,4446,3437,1773,1331,332,1060,1647,75,1561,5139,7391,9875,8157,260,2972
1135,8267,8049,4601,6427,9932,8541,2310,9532,5588,9300,8220,8681,1851,8539,3544,5034,8947,1026,9865,1177,1281,4066,5565,7218,6248,6350,7238,4648,3148,3402,7778,2815,2770,7197,166,9798,9851,6435,724,6195,635,4,4441,3974,6507,857,2717,9880,629,1487,5377,332,3217,2515,5667,1298,3403,6756,5456,2754,9938,8120,446,9279,2798,3804,3674,3359,7201,5308,7893,2171,5668,561,4240,4576,3475,2363,8712,9768,2355,1131,3861,9051,6522,8090,7133,1541,5052,4485,8071,6736,2792,436,1736,3836,1542,3825,5074,1420,372,7546,2721,9216,6374,4489,503,9875,3016,8831,9737,4380,1003,2966,7232,7194,4221,281,6681,3223,6676,7027,6367,3327,2776,3308
9458,3567,8896,3264,2808,6870,154,2313,3727,4159,9842,1731,908,1292,9090,1139,5583,4374,6576,6457,9497,3764,9839,8192,3449,4507,6895,4817,1794,5072,251,7660,8488,696,3050,4405,264,9550,3901,9058,8796,3704,5387,1496,4826,2637,502,8999,8155,971,9931,9736,7997,4048,307,3447
6184,7945,2276,8618,416,189,4347,9179,8472,6227,962,658,311,6251,9891,7559,7676,7775,8692,44,5613,2751,9186,7430,6119,515,8841,1474,5767,6939,6374,3220,478,3782,8856,8560,9450,9972,9090,6572,7685,6255,8128,4985,4776,7992,3674,8886,7368,3127,8372,3528,9488,6697,4190,589,9053,4230,3507,8926,8757,7014,8619,7617,4387,2143,7765,1265,2301,3475,7551,3792,6668,6860,9613,611,971,9957,5903,3559,2998,6072,4895,8090,6576,8173,4642,5327,8885,5325,6465,998,9609,603,5338,3050,9781,8109,4742,9692,9592,6193,1251,8882,8808,9828,9309,7802,458,8596,1087,1706,5565,393,528,5248,456,8440,6666
2834,467,3275,6427,2287,4628,7829,2409,5951,8513,5081,8011,6235,9947,2662,7861,9466,4793,3148,9148,2663,8556,5424,4622,4985,365,8406,7684,2448,2815,9209,4494,1350,4150,7285,4430,6431,4406,7573,4834,4916,8486,8652
124,1995,7278,1395,4371,2941,9663,725,5325,2932,6364,3912,6857,3305,3477,790,8897,411,701
3268,5375,5098,3327,7945,8969,6119,1321,1173,596,243,6134,7980,8202,8396,4334,7628,430,350,8029,4134,7629,7687,1200,5958,6553,4283,2754,9538,5967,8354,9053,2945,600,3618,6122,9941,5574,809,6276,4684,8826,3799,5579,9082,9143,3761,8479,2820,4511,2407,7205,4902,6989,6787,9383,475,274,5757,5216,8670,1153,8257,4403,2753,9483,7762,2446,892,5790,612,3925,8448,7950,1408,2814,6384
5940,5619,755,7385,2014,9245,4213,1743,8192,5500,4424,8755,8078,2849,416,3876,5405,1103,2539,2930,3210,2064,2460,2662,8223,3631,9521,1927,1257,693,3313,1335,5603,7055,3445,3859,2022,5484,4701,458,5947,3165,297,957,8250,8358,2931,6063,1197,4526,4671,7550,4147,4576,3659,2833,1511,9333,9277,3996,3795,2626,2944,3566,9101,8962,7931
605,7005,3454,9639
2282,9565,72,7980,5197,1687,5063,9764,1799,5306,3340,289,1595,4813,3650,3304,4987,2361,4779,6095,2996,5373,1496,7702,3738,7123,7546,4885,5927,2607,5622,2060,7638,7760,5051,6213,3144,8297,9125,6860,8996,3726,3295,1209,9381,2950,5115,599,3324,2004,4221,5146,3427,6546,4114,8681,7557,8760,9570,9842,8846,3933,3989,6839,1651,6829,8035,5132,6253,8875,1262,9500,2399,540,2046,2930,4281,6316,5596,5683,3748,4604,7164,9561,5972,6185,4742,517,5091,3253,813,5234
1449,5343,6918,541,2438,5031,8105,5724,4923,6205,6766,8409
9532,9725,5981,652,8128,39,7386,8775,2588,6602,9402,8562,734,5253,4917,6715,4423,4622,2268,691,5362,4254,2063,3770,2783,2336,3115,990,5206,9111,1561,9852,5325,1011,9054,2560,2973,3614,4892,8928,4853,3179,2699,6619,8638
5418,9461,7350,4128,1821,8247,535,609,4549,8665,7765,6947,2489,6214,1946,1779,8435,9860,5765,5618,8395,9921,3118,1470,3102,7612,5777,3145,6571,4052,652,4106,9111,8984,2878,4654,6542,6989,8112,5684,2460,5491,6041,8346,7610,1825,3795,5768,8877,9637,495
5494,4301,9616,9033,1698,4557,7510,1084,9000,9136,6867,9383,829,7109,7885,5637,8052,2213,5471,8491,9825
6897,9583,9949,3527,1910,1365,2541,872,4154,1058,3289,5182,2054,9344,8347,4519,3928,3751,8651,1540,7315,7831
1755
9641,7818,1825,4774,8364,2864,1014,6646,5579,8529,5665,481,7782,236,7909,2298,8650,292,3539,6761,6614,4065,764,5445,9585,3614,5479,8509,8332,7287,2652,2676,3148,7163,9381,3755,6427,4835,2081,8410,8347,440,2442,8240,9125,2117,2083,5305,5410,5405,9685,18,2847,2206,2583
7105,1952,1582,8336,3460,5622,2982,3554,5710,3891,8797,9023,1800,4885,1120,2691,7640,8245,9317,817,4509,6979,3692
407,6015,7238,7962,9348,4297,7127,3927,9873,6694,8235,4557,8144,1871,3194
8482,2230,9088,5489,9983,3816,3462,6149,4109,2012,3638,5410,4866,840,4576,4217,2320,1584,2631,255,9071,4522,5184,325,4631,8904,2975,7545,5587,6803,3882,692,2713,4352,9771,7260,8821,5031,4376,9835,8279,8678,7175,2499,6328,6265,1715,6370,7896
2781,3632,8670,8233,8078,2991,5433,580,7031,2503,4111,9564,1093,7608,8182,2051,5919,7429,105,2989,2211,5482,9916,5820,2740,264,2728,1641,6819,6624,148,7447,8879,326,7989,7160,8801
625,2814,5990,9580,6643,6487
6128,1230,8620,7203,8771,4932,3826,6967,1323,3535,4293,1893,9326,7382
